0.487663899094
0.475759477968
0.512985677261
0.296620115188
0.334689029144
0.649824284974
0.540053772639
0.85251745556
0.419518509627
0.318493186407
0.696193890715
0.78715254188
0.998184053589
0.690347340163
0.271928794612
0.63210185123
0.0964407248776
0.577664440451
0.411841116132
0.379716989345
0.112594851656
0.32551014223
0.758802090326
0.498189602369
0.419146674257
0.510954240853
0.634197138284
0.525939258122
0.758494903543
0.0968017702804
0.621813185962
0.554444656834
0.860187260604
0.64628115862
0.839558350854
0.589071893155
0.767726371089
0.289267472288
0.587857091413
0.835000741172
0.744855932758
0.33761745782
0.196398749376
0.236669269917
0.671616087432
0.741647943839
0.626551688653
0.647369957301
0.872539450235
0.972073152684
0.680698513861
0.260338961021
0.741281746666
0.607789067339
0.68919049529
0.339717119946
0.715311859671
0.0559771743568
0.433580682902
0.0518096343316
0.788979564204
0.657304922037
0.563109595661
0.767006664978
0.547991645537
0.641895071334
0.650912108349
0.63866334653
0.455032182133
0.182379488328
0.587668594994
0.500554301691
0.744875551129
0.50255639741
0.677891373571
0.289144192675
0.747113729003
0.248157406026
0.684140171854
0.326060793899
0.322537609639
0.434789870911
0.29146223491
0.587815207946
0.735932982025
0.738991097151
0.734814768312
0.837025339494
0.629602946749
0.611380720753
0.25429756268
0.263022842063
0.112391722493
0.629755397293
0.649696002989
0.532746976629
0.559416045391
0.536093165983
0.384736784996
0.38670877466
0.83943647642
0.334343424238
0.732230153117
0.242565637405
0.683899795862
0.739881467714
0.660978513783
0.256798918291
0.34780349998
0.701367903434
0.622264675539
0.366487318312
0.0739099756566
0.29668305218
0.364939335875
0.178934597404
0.569062043028
0.444889938308
0.442384090304
0.395473460674
0.824754422067
0.569763302269
0.773741073756
0.306208250693
0.511091697592
0.296232049605
0.498752162944
0.604954273494
0.469494067516
0.47746134812
0.159936752483
0.576564299032
0.333689233237
0.571776923651
0.335309919237
0.4483240869
0.590941083543
0.521350389348
0.614920464562
0.587937372547
0.557795146396
0.66104042906
0.286349429545
0.684199992762
0.520466674629
0.431845646122
0.719064675062
0.556257222086
0.514834206038
0.249646902434
0.686209236364
0.607019213538
0.431141946538
0.924905890134
0.363937880293
0.237995918352
0.389961852678
0.528061015456
0.693972018558
0.772059233899
0.167275154271
0.747375774386
0.308130055833
0.517431231687
0.849701068654
0.983467196104
0.628356022544
0.666819472485
0.459092228912
0.648706585303
0.0443269015133
0.121275863579
0.369158898058
0.404559528829
0.0568723271832
0.377294210424
0.672162949588
0.442090423321
0.646192159241
0.481924063003
0.295046934473
0.361270246056
0.757220221921
0.258813031604
0.169646763274
0.879941633516
0.413419461542
0.539459244667
0.41709815492
0.488773787846
0.6454189327
0.688881954013
0.791939633318
0.734398577788
0.631407456038
0.762647556151
0.685320014603
0.534682606997
0.835292788016
0.655745617187
0.769976375313
0.4527883299
0.522610928817
0.692663180684
0.0558959494992
0.710787817835
0.177069824873
0.126866032916
0.739884537877
0.490105364421
0.765868872391
0.706693726747
0.280264857351
0.950317037483
0.463175804287
0.61390738673
0.474546613113
0.194514330952
0.356322092092
0.862279322869
0.532786826586
0.639385167352
0.457748575371
0.408512560593
0.535942229904
0.65740690839
0.57856232828
0.148493363525
0.462361419307
0.698302794706
0.360796940114
0.208665264888
0.610725985865
0.636484074487
0.799111966172
0.839525908434
0.375863301845
0.637525737156
0.768011763037
0.396182541157
0.369764835509
0.336768346473
0.513527866757
0.830584718111
0.494590247536
0.904380181402
0.964460015257
0.454998288002
0.663363520514
0.865501297896
0.797378601179
0.607192747569
0.357488030887
0.818070433032
0.0953419268412
0.772862579238
0.556804329575
0.109480480032
0.193500573153
0.655687260372
0.432005109929
0.221069208901
0.704488388279
0.464027164975
0.432829330488
0.752600538748
0.488809455564
0.469279480413
0.386505214511
0.805880191149
0.879861169548
0.457732035103
0.286613862964
0.507076345693
0.78375970536
0.911184675341
0.701890153051
0.714661132908
0.708591403875
0.770710817628
0.507326290099
0.748352682532
0.265637178428
0.239210116577
0.345336494301
0.679910521372
0.338258729086
0.849410398963
0.46580541514
0.365729139918
0.719530692424
0.349632515101
0.692556750349
0.264742520041
0.240149378237
0.400176158973
0.618859860821
0.580584792481
0.261576716481
0.764479476206
0.47679873969
0.117267526057
0.649406499812
0.543286948294
0.261776800831
0.742212429382
0.738763791423
0.323595003075
0.46590341508
0.423000452588
0.533437864787
0.292461988777
0.851037424762
0.689305513852
0.414247871016
0.803034014738
0.197707897535
0.6588125196
0.818676429836
0.81954858716
0.319008189312
0.654879986957
0.78737055531
0.505582090019
0.606770646075
0.60449442807
0.774570439082
0.529090296823
0.730328027996
0.332992247259
0.278953562134
0.623025856436
0.250926061559
0.518925715873
0.682023133701
0.501263197597
0.577536303026
0.723356758754
0.608554938266
0.639616554095
0.686063107534
0.639730899967
0.544601211762
0.437498821077
0.592170032833
0.516735165185
0.641786666792
0.178959994318
0.725596313962
0.404960952617
0.70638082379
0.692094578863
0.573372768383
0.302501465234
0.828180344003
0.499929875863
0.462149435922
0.619819735292
0.575313365525
0.536081516946
0.722722308512
0.432291776325
0.145698354948
0.246679544157
0.458186321149
0.799849170545
0.680712094289
0.28130260741
0.801207922593
0.775547415661
0.485501713637
0.494201591044
0.0542674606027
0.862208720805
0.411998687892
0.613472899549
0.48439052044
0.832000199579
0.609689290332
0.374089223947
0.158224768706
0.27868956247
0.772767287485
0.294333033
0.500921840953
0.618157575691
0.455658630081
0.668388520557
0.722446713184
0.296590222193
0.951664956976
0.302500042382
0.0436362150157
0.580590324249
0.875805834005
0.637468735167
0.801049588356
0.554781462097
0.741768652168
0.888614752451
0.342971412015
0.501941972604
0.225294246253
0.740760148851
0.57527820476
0.59145209858
0.781951949197
0.832516420101
0.885477384043
0.648052087826
0.588248769798
0.312267136481
0.882788701161
0.818252842739
0.200104131923
0.557638499556
0.843249633487
0.437216400196
0.511729288275
0.223947936922
0.746146953118
0.584142517596
0.841246156275
0.328064574586
0.0334718203299
0.294217626047
0.609875231061
0.486514790439
0.214906149688
0.518725960349
0.701416873313
0.73622295386
0.241457818211
0.535275101998
0.634778711866
0.712690610644
0.476008688675
0.605451265142
0.723053667337
0.768818845907
0.748941108164
0.68502799028
0.720901119069
0.37692226376
0.31405464911
0.621687412334
0.958372929443
0.656530788384
0.473219087298
0.415462764756
0.805876632675
0.341962598749
0.178714716509
0.759699616884
0.523679276252
0.65660921398
0.448010050276
0.881076171976
0.293016894968
0.160654467983
0.319401562069
0.223103916406
0.73669887207
0.31929953167
0.784814552137
0.246578346613
0.399784197071
0.436670202081
0.0521806902486
0.530322523287
0.191418961364
0.782351540651
0.497221046154
0.678406362772
0.164548290063
0.82446155322
0.122635979339
0.620166798337
0.215339018576
0.406772603989
0.294835067365
0.734294878189
0.639915419864
0.869362693343
0.629147572298
0.585561099964
0.641207019007
0.345334108587
0.819969592373
0.357263332151
0.774022967936
0.195640081417
0.479445688
0.793475557355
0.697011085918
0.527813421791
0.245344357777
0.73790002891
0.280615505038
0.483135537365
0.62848383758
0.620598223913
0.605449571951
0.252215301592
0.33427252695
0.530862002684
0.631024511568
0.196802535401
0.903764347038
0.511039462816
0.455820586546
0.0824508133544
0.36449858142
0.531012242008
0.195972590417
0.63780906625
0.595070498537
0.738831439517
0.189215025824
0.588925589043
0.37368318452
0.298773998996
0.251716108943
0.731526368198
0.532538988043
0.122391140696
0.845427339177
0.878852955737
0.347722992829
0.746686871451
0.831345589647
0.422383760921
0.203867819937
0.64345301058
0.926692803761
0.672314710515
0.697925563932
0.242555183582
0.508856479332
0.175358987025
0.278524700753
0.332999319515
0.701453452736
0.357824968598
0.467087001928
0.59800647823
0.742253247303
0.634194728088
0.330881692088
0.289245959644
0.162786041323
0.314472809975
0.441504760256
0.37677207944
0.469312907535
0.569255068767
0.64099793753
0.592358198337
0.0154951151278
0.137934262641
0.468062858673
0.310471585328
0.56412703532
0.842175076756
0.747501605101
0.914531612441
0.580265229838
0.606279200793
0.86101225317
0.625449202719
0.500975778574
0.793954104486
0.15579873707
0.493178659778
0.115523212831
0.815628930631
0.408376575759
0.942900518627
0.909012876601
0.624771647417
0.71083882702
0.271435356023
0.601164404564
0.630064439028
0.578622190164
0.395001400655
0.909927275609
0.702684995792
0.342014848777
0.955962762034
0.667378862162
0.772484362548
0.555115450736
0.497607498312
0.585685332928
0.737360701805
0.892990617947
0.483672499475
0.110890224853
0.720822714152
0.45580876412
0.394525103141
0.806618795649
0.745336018053
0.474456840789
0.70631200063
0.742778165599
0.682287538878
0.275557189756
0.278310141897
0.697744337159
0.182080707995
0.674866678758
0.239109744337
0.832583522692
0.563408628058
0.264353582611
0.547946576553
0.551405622896
0.806659870451
0.535801492729
0.554508264954
0.594392686573
0.823495796583
0.578811310923
0.893656950671
0.426606242582
0.584947235304
0.612091113997
0.676989347294
0.149790877159
0.571872277975
0.0887190648777
0.452640104702
0.295378966355
0.924024144184
0.817338833599
0.846210385068
0.180708805798
0.308026559939
0.444604159832
0.43282947764
0.524479913799
0.524268289092
0.289186383048
0.271635803767
0.560661081774
0.529173785171
0.752646060264
0.0335570032189
0.781683427343
0.265884618334
0.602265364202
0.309963648906
0.161193901659
0.328019280852
0.0259917312011
0.337251126143
0.0276748032945
0.678080664913
0.252085472743
0.769091567389
0.75634664006
0.409473964838
0.638066153639
0.803350904555
0.514772503734
0.618582651938
0.700040149296
0.812729311241
0.723302531716
0.348787698297
0.579962022213
0.315910710904
0.0747650997038
0.570739912226
0.0636956009916
0.612354697296
0.245994967749
0.351814437753
0.15524790137
0.411653366791
0.583474661905
0.128946543112
0.379746854962
0.368154513569
0.703685745112
0.701786906435
0.693515816607
0.584596841026
0.754137558224
0.709862728646
0.630611084381
0.252869750304
0.450085605454
0.459689659439
0.837250618997
0.530452345466
0.341612159682
0.791337692535
0.566620745237
0.614714246434
0.1647396792
0.800779169596
0.778561993108
0.774050515554
0.702748885621
0.532423526318
0.462847230305
0.063758537565
0.672701470527
0.73169872978
0.785407391908
0.506291239637
0.644781319114
0.41135354439
0.598464754258
0.174028278777
0.668105661782
0.547732991242
0.562581032917
0.607206985699
0.206373309108
0.723924225237
0.787391733947
0.150886317972
0.832686368709
0.316753394255
0.238162905932
0.322495321796
0.197944127171
0.708907678544
0.358248494406
0.93847599979
0.492958701887
0.724917170794
0.642270521763
0.748953706359
0.354680851036
0.86458324235
0.666039405572
0.435943496619
0.754504350981
0.435212497208
0.180817822809
0.199504930886
0.636230421125
0.928950992955
0.571084080837
0.526973282997
0.689342819899
0.544162420366
0.584476427989
0.600049962136
0.454304050849
0.735124725947
0.705124399778
0.259952214547
0.368614659842
0.0297470859023
0.743866601352
0.277579900642
0.774780064236
0.674202877078
0.96339714616
0.501655129462
0.953061911404
0.508860570538
0.376354196522
0.455239467235
0.692812087571
0.204451551674
0.785158713377
0.652448799054
0.732938677102
0.332987340439
0.691719661772
0.621016726619
0.121563493383
0.65035295578
0.880266550955
0.372595039799
0.362754917185
0.389243925362
0.175621715673
0.583210664675
0.738674246391
0.402111619222
0.539118679542
0.699213386718
0.675650964351
0.58338017583
0.541347940283
0.495402291325
0.0860559651595
0.923837175956
0.502834679606
0.586512847055
0.643873407286
0.517716831843
0.654453711269
0.566565251827
0.528281673283
0.716684469034
0.122520731785
0.392003341447
0.547314808217
0.502854536737
0.691781776005
0.209182764296
0.551252805733
0.163675041028
0.21379562283
0.811137525795
0.629971421121
0.723844224624
0.635058069063
0.638126370311
0.540792926995
0.626322869628
0.576870804124
0.666942992768
0.831945104584
0.314790410188
0.75579964967
0.812747148834
0.578838265148
0.436590536697
0.584688553311
0.340154538877
0.89082836553
0.414931174526
0.422880106032
0.825919857615
0.515347837033
0.364564268346
0.279190635472
0.711283348013
0.220671691782
0.543030718753
0.196111671029
0.237810626691
0.746148386025
0.458188990462
0.504259122535
0.427711319085
0.776185430959
0.855574542173
0.45048816786
0.367501278981
0.188746446121
0.404123191517
0.318080295094
0.589816229207
0.645077333414
0.65718752255
0.225637308691
0.372404146732
0.647101891008
0.468590069509
0.666820866967
0.744133439288
0.671098302469
0.0368517497239
0.473852296637
0.490429862736
0.369500983711
0.591369295732
0.559023202849
0.652014723863
0.583914525432
0.375053733018
0.845923948814
0.688077890734
0.376794122772
0.308855545838
0.75529556265
0.0565231015597
0.524230018969
0.65753521756
0.430399572353
0.525785604301
0.559338001716
0.536971216721
0.487885579837
0.714454000057
0.420941466935
0.34008159706
0.552956232134
0.288031701973
0.327700291391
0.0710909566608
0.84171007768
0.142511848022
0.881468527556
0.659361981667
0.637865789991
0.383307223714
0.505712033362
0.0870012830009
0.318374349829
0.726810011636
0.236320722356
0.413564318087
0.241046574258
0.059627334008
0.52695890184
0.1608791576
0.446355175714
0.415174600344
0.734878976978
0.690685458317
0.592862994998
0.567122657193
0.810297934633
0.769292172479
0.190928421202
0.805984432498
0.793681967048
0.20798943577
0.275158190986
0.488714991192
0.645062433517
0.643612637679
0.229588386348
0.29727592501
0.807412954002
0.832926578149
0.892575799284
0.584996918947
0.615434284408
0.514191084121
0.313335954312
0.514637726133
0.265600042483
0.680223765328
0.0972998314404
0.273121518602
0.616620005334
0.660489886988
0.735889674693
0.341644269884
0.755240495839
0.819474556536
0.764682834589
0.651141832499
0.51269387414
0.868201024194
0.381169095877
0.14792918204
0.587996934411
0.612210291398
0.284253151118
0.716882928332
0.113094679908
0.728635238081
0.84901414808
0.503365374913
0.170599979644
0.695813039639
0.492295005149
0.274189310376
0.710129411907
0.638493178975
0.248586372541
0.689053037853
0.393348807131
0.80574018091
0.265083859034
0.975987128517
0.625142555791
0.526454335244
0.607523198743
0.57331842184
0.686870121742
0.548720996886
0.848218184538
0.797556055929
0.430346061586
0.769370297696
0.562110244069
0.450071114244
0.719132409508
0.392255231541
0.689888288049
0.43755464515
0.610391766394
0.954056773329
0.689880743215
0.621900861372
0.442908710684
0.428437862562
0.583836879916
0.507634450159
0.685670587277
0.628961225994
0.745345572982
0.593407035985
0.0708262624364
0.551866904012
0.334362932256
0.649613429168
0.695965798479
0.774287133182
0.740947740637
0.850202651771
0.681592421645
0.589616045384
0.64476899714
0.463091848003
0.828371596355
0.399219984193
0.669743415457
0.424303667558
0.50350868354
0.878124725655
0.412905655907
0.317792347578
0.371797477583
0.518952190617
0.0686782265435
0.726661886145
0.484978863119
0.459039025853
0.580041658147
0.194732027388
0.320998908868
0.49098896112
0.463500656709
0.853307419084
0.704236900847
0.632767646027
0.32476465519
0.472803805542
0.535742197612
0.605679290708
0.0733438769296
0.411917128678
0.813226628745
0.50234719563
0.468063553478
0.115240690068
0.627366118249
0.851296955255
0.439356092961
0.383142989149
0.667270220605
0.565293785751
0.718379734204
0.569704027094
0.418563308625
0.80499734285
0.590773123765
0.910043633964
0.281315699421
0.708419680729
0.492901962108
0.793759769905
0.832363335629
0.596968934034
0.443896446009
0.354430149097
0.728245262932
0.423595479972
0.475924345354
0.835975210142
0.171295788681
0.629820681309
0.602014450744
0.841611656845
0.609926956592
0.47995319603
0.719732315428
0.376428289193
0.13659760597
0.405398958273
0.343320651712
0.870709051166
0.482465738358
0.695618639494
0.605470907924
0.446841614343
0.147182125064
0.29728654044
0.596632494856
0.597250280141
0.639191866907
0.712905520457
0.628050953381
0.799880310082
0.671339557713
0.844799370017
0.86989294903
0.636542798228
0.453666370358
0.445593048584
0.773098658898
0.592768569268
0.383223046403
0.2531828861
0.869828906564
0.342910348595
0.598566821152
0.442921508962
0.781202889008
0.349982273046
0.59148610809
0.0685183188904
0.778990430684
0.726799221186
0.785343190317
0.694347416761
0.353613311203
0.616811069572
0.745381849502
0.351619215672
0.699211774721
0.28734013393
0.60724863012
0.909686901724
0.374460259341
0.449007657532
0.0792651578904
0.754003806352
0.62044055769
0.459615257846
0.360257427696
0.32032219254
0.349179812351
0.930582981827
0.694686076301
0.748944488468
0.426552153594
0.290443090836
0.537418158998
0.483721713822
0.349605867599
0.184152323598
0.59946222271
0.234587111151
0.372486898409
0.683145082836
0.529424905257
0.366992345642
0.146983556976
0.46218067476
0.25692836736
0.70446639327
0.696337760223
0.837536519312
0.402736175281
0.0573888119834
0.452834242749
0.136486237566
0.674105652327
0.656673322756
0.548932130709
0.876436205046
0.820510007392
0.33161072849
0.67219160247
0.331288229768
0.392987422465
0.409707219818
0.210292509641
0.552238107988
0.793056889692
0.515411173986
0.956669891211
0.0793875873181
0.95537910484
0.465811600172
0.123344250473
0.636459194395
0.741658511904
0.725845291739
0.338667751914
0.610630065524
0.130690232845
0.561994121564
0.729468047737
0.479291450922
0.672472538408
0.490053094262
0.744211483106
0.706254008029
0.624759851151
0.731662160337
0.312628068874
0.736932989373
0.0430933484514
0.510703169552
0.924504967733
0.814096552274
0.174734328492
0.362372373055
0.800357339716
0.581159842589
0.677214059765
0.48539181088
0.646195632548
0.58718823819
0.435458987315
0.24181808833
0.350456756075
0.715858520117
0.567174752113
0.748479353774
0.428684166607
0.654181324172
0.562570148598
0.679305388358
0.304972962038
0.613443986134
0.632942449189
0.654176951463
0.372534337129
0.638020417639
0.140705556835
0.565190416496
0.428269741316
0.662404449657
0.700600232574
0.637091819243
0.430142216217
0.725501062248
0.706569355513
0.307965362608
1.0
0.647845894983
0.583807202735
0.127489442431
0.423073415606
0.626641198844
0.811367571665
0.804592369231
0.67212442742
0.230166790737
0.805585551268
0.571984993557
0.389291795054
0.380496718197
0.490979154397
0.693011462655
0.73417393464
0.0859309242035
0.780376166414
0.694610607476
0.19948629842
0.775795074633
0.493137093126
0.602011182466
0.665855340349
0.538107049715
0.458031768395
0.50028796316
0.540104380907
0.688254818767
0.65577052903
0.433151015693
0.808878025799
0.656436749945
0.193971394892
0.569739783139
0.496608763534
0.0867324268776
0.354501401406
0.345173667989
0.215724676915
0.878993166908
0.715505585912
0.669574274448
0.481802322887
0.607546793146
0.908240111493
0.836085372895
0.126349467195
0.101215137475
0.628584193382
0.809937833673
0.778094966522
0.460248797279
0.6316454378
0.382707261057
0.549984958159
0.659026874211
0.705259439147
0.831408965349
0.736108946641
0.581257176846
0.0511647530884
0.360530378066
0.608162363329
0.627130121713
0.304531585174
0.649505453637
0.453370517313
0.868902681384
0.721154720204
0.414005326088
0.333994495553
0.0855537419495
0.602733134338
0.619345702424
0.347227154573
0.494344210691
0.574440779287
0.769004679175
0.424013513998
0.325146272587
0.694944934036
0.753163213431
0.805810530039
0.630595784878
0.77849483209
0.203533339652
0.0
0.255422532406
0.637352841611
0.514280424257
0.562550324715
0.559945143461
0.782210903939
0.574361559991
0.418910232901
0.684892534528
0.833085148306
0.624874017553
0.621098618724
0.717352686044
0.696757158365
0.177436871128
0.545067499588
0.253895936528
0.7974093223
0.592248854515
0.481801511606
0.494458531128
0.834542312978
0.545264232967
0.692566919934
0.419006753091
0.530838006303
0.733064142734
0.72188457466
0.305616697641
0.179337670222
0.523378006167
0.501107382436
0.0881301929359
0.566668259202
0.405316907023
0.746789229378
0.584871967809
0.790043268286
0.756247105839
0.0433385959199
0.670548915086
0.792944809906
0.853361322668
0.431305213089
0.760871811506
0.836438160234
0.646393119591
0.591064056401
0.401371654289
0.555347862437
0.41289255923
0.585094248832
0.88667961878
0.382928195488
0.250968196642
0.830417725796
0.353436996945
0.181147667126
0.631176388102
0.581738889027
0.712771800536
0.550595787052
0.725579722136
0.646273813539
0.741681265895
0.400471884838
0.851994572306
0.496179854269
0.419896047666
0.487999564272
0.658290238017
0.72214689648
0.731150569831
0.123930865414
0.836076521995
0.731421405993
0.542312887394
0.701928978085
0.801231842981
0.318450955705
0.415107274496
0.680779550101
0.64982232321
0.732457564231
0.744207567509
0.819827749893
0.752358711176
0.0224824099623
0.690924991078
0.413803762945
0.81387831184
0.843607287232
0.218509071658
0.756996109781
0.899678438281
0.0426629190749
0.197531308639
0.844804489286
0.442394973856
0.00527088099332
0.466249973001
0.609757291453
0.758815512209
0.542454403638
0.164437427489
0.254652637256
0.629763318944
0.506752223948
0.506228127047
0.767703477947
0.450304759437
0.765024568704
0.167370168723
0.546683237815
0.610518406112
0.849740438179
0.731857770994
0.1372445356
0.193089760214
0.822902016941
0.710447684924
0.851513265486
0.114791158872
0.493566323475
0.416915326774
0.374520506128
0.729728645704
0.448999374896
0.517110230936
0.634326601719
0.823113697529
0.687337973511
0.755200794352
0.820331571047
0.771355488881
0.723210359188
0.80106198822
0.798038725537
0.296157592996
0.769547665192
0.290010447003
0.799588727783
0.576961916602
0.446677350937
0.832394018275
0.480953257999
0.571592982976
0.345259438061
0.366236184049
0.687493657559
0.0869979834874
0.512839518053
0.307276730712
0.410025582575
0.805332780931
0.198960131129
0.50706474436
0.853440669468
0.376700733637
0.578605217768
0.687873989909
0.525414528532
0.401867150251
0.941586524805
0.493450856822
0.501916139215
0.320326271681
0.483261175543
0.403364135772
0.512598369613
0.60529767947
0.297228559278
0.262958273899
0.709631140653
0.394247392117
0.675248066866
0.341136078892
0.504100035482
0.0503690622178
0.164558265249
0.0417215496284
0.65325704114
0.719087951904
0.607787283733
0.466060295112
0.232726989016
0.41191821555
0.159584812074
0.255398536102
0.767768842074
0.646630898368
0.630125384313
0.482183241775
0.715990397111
0.458635796424
0.880975605517
0.750562549754
0.637456158002
0.618546934225
0.385547055799
0.432780925845
0.640565190198
0.650953959004
0.217523486166
0.639718025716
0.641546305091
0.891738706601
0.571085631762
0.0484803551624
0.428626510371
0.384415728595
0.583916453361
0.7056694122
0.299431159491
0.884377029415
0.406316986713
0.473370895917
0.398150173476
0.503090377061
0.741328575604
0.368142758697
0.93879784385
0.566673368207
0.346895347743
0.545989710197
0.530626841149
0.046288602896
0.596469574211
0.730079796873
0.520017211712
0.363650887117
0.693373665428
0.780531466229
0.641738390179
0.50822505131
0.0571595589381
0.382504164844
0.689187143633
0.0283636583221
0.608168526736
0.412250657069
0.596691332901
0.461800413181
0.765935621368
0.87178493847
0.718921506586
0.707718997786
0.65056390577
0.9978653789
0.701937459925
0.843802912889
0.568306063713
0.902085551704
0.116476179052
0.426253335159
0.642564878658
0.625067871404
0.559242310108
0.368117466271
0.088484279113
0.81620490332
0.416890884484
0.44819976845
0.420664095864
0.549084313743
0.849089543623
0.603983591221
0.671709233842
0.406730977531
0.182337980065
0.740664617014
0.698009563318
0.721260647807
0.762424144544
0.0690027581061
0.438842779351
0.135375549565
0.657149200567
0.759672834248
0.642987343702
0.343252268531
0.714833473046
0.819769471506
0.666410406214
0.436761938112
0.716094432715
0.719562529359
0.812923345867
0.717186163791
0.64221407954
0.307157692201
0.401785234885
0.745561834992
0.23108771991
0.846024901734
0.616729936324
0.331478779571
0.649230829564
0.566155561282
0.629828595416
0.754968251298
0.105117977262
0.531772197028
0.507783397752
0.56212114885
0.547107650468
0.685510040808
0.405969333779
0.549812694888
0.822044216521
0.316817225665
0.368687117167
0.36711063472
0.748690488523
0.555113050219
0.0322714180328
0.601818639193
0.820747002852
0.663206558016
0.591773612615
0.613491505182
0.429069409163
0.515239369238
0.305750383136
0.710224067127
0.542084654043
0.886764558542
0.744645066963
0.1440066334
0.604179756927
0.811234355584
0.28883227105
0.731930334318
0.365270149936
0.580647760856
0.628753579577
0.826903480108
0.176391351679
0.525211776169
0.61453558359
0.461875879533
0.103853982001
0.583104697854
0.318878732905
0.520971520212
0.350586170222
0.55860184894
0.677085099463
0.507187238046
0.376752997828
0.56666490967
0.693947856894
0.388886102031
0.123743613813
0.76586570299
0.103472879565
0.206096795709
0.366563658957
0.433269487151
0.601867825979
0.324362882913
0.422526920301
0.614990686738
0.494851244235
0.274573891095
0.263239962637
0.196340589022
0.362863116494
0.26665907862
0.616778590309
0.147378915289
0.428189529019
0.574179472783
0.611184043662
0.631578908852
0.219728531
0.41806355612
0.683826793157
0.434122309796
0.889976067106
0.831216712059
0.787300987146
0.310992993019
0.187104558332
0.271786881257
0.148461269632
0.680338333198
0.314293568962
0.102708969204
0.232869357941
0.768438255635
0.503288310976
0.430951137775
0.440184371379
0.780506109595
0.78756734691
0.595179913394
0.293613783321
0.331488655966
0.675893994495
0.631485492166
0.633274005719
0.0983832899637
0.248751367047
0.1656945398
0.560757672701
0.497775237413
0.23052029195
0.961469165035
0.503395903781
0.779516912838
0.0639055254377
0.558312228692
0.485263628785
0.0895385189802
0.806128564653
0.725313458964
0.35108365159
0.730557898892
0.73135265175
0.739230803753
0.396338223254
0.501342088651
0.698302491968
0.331610416544
0.791573077109
0.512790329948
0.635075387824
0.0688537397982
0.518372983055
0.778046596875
0.761006242671
0.516699006907
0.157412062852
0.319228283477
0.666454210337
0.351834440687
0.748037224253
0.582096830528
0.569402296823
0.652729902735
0.495722956295
0.608142273134
0.19159860366
0.584707784898
0.385131694962
0.166890367628
0.625863617378
0.384040080845
0.473182544862
0.666585134571
0.387919324623
0.562904602311
0.335157999621
0.930470338049
0.8369310773
0.48167801071
0.376049118049
0.520073578793
0.600630012624
0.800660143828
0.094516024254
0.632118282022
0.758743205887
0.14051169362
0.302853555801
0.577600700243
0.6005994778
0.420776945561
0.436855328567
0.242121551819
0.685762754112
0.562851215836
0.44748804545
0.868000953854
0.802191135467
0.660491911648
0.196781244134
0.174179592727
0.530455338999
0.600263975514
0.224482588618
0.556121625491
0.300010635871
0.484038938065
0.621228761607
0.710270511628
0.510956918694
0.137223659438
0.107431755103
0.566996494846
0.119734071585
0.600786125962
0.447374542713
0.451471368358
0.568170219316
0.0381262412534
0.250438377262
0.554015844412
0.666204545739
0.1003543885
0.694871467559
0.124556695452
0.181512544642
0.523857453052
0.0557750689233
0.442869512114
0.205029460741
0.711635988586
0.190859190144
0.734718048296
0.188480523802
0.491419225811
0.686684479283
0.586607922531
0.681672667796
0.287465237036
0.208812381441
0.366243363719
0.265244596606
0.436571582987
0.416223846392
0.589229322532
0.0811167539327
0.850534430862
0.605523751819
0.579260303094
0.844008480058
0.580089836771
0.688744041687
0.496590701565
0.301063794478
0.759665361902
0.538988026575
0.761102189131
0.554354673876
0.368147170508
0.717024786233
0.865247934831
0.387640743503
0.769118755567
0.328664071651
0.837390697252
0.856580682556
0.163382934855
0.729856604449
0.82763875861
0.522177490779
0.79021366079
0.481403131562
0.551242855937
0.301102426325
0.501641715978
0.637181502753
0.291768251071
0.4319870953
0.335724094433
0.778079140189
0.542202912444
0.771912829071
0.703703039754
0.117249003917
0.879678852265
0.494373229168
0.395504799954
0.656879294286
0.467503372223
0.540220377332
0.400166467536
0.712109745754
0.401107909024
0.156627741154
0.197228103563
0.666749266471
0.50054110602
0.674976332146
0.760174621059
0.64849599775
0.396220014147
0.760477953895
0.550859639976
0.516798744167
0.642336068409
0.870754197442
0.65048881871
0.778497111561
0.223366760747
0.707147358882
0.57816930298
0.833050980596
0.660628231494
0.54992755056
0.716474868371
0.0689636735439
0.355508287521
0.593458484178
0.360020412272
0.425762572968
0.523172678501
0.402179253753
0.612002018515
0.347163967726
0.234054501624
0.646193978952
0.846088651762
0.698068755496
0.70136796159
0.698225613434
0.379809766543
0.775203198278
0.622818012624
0.360601918155
0.505408485828
0.435401397589
0.679257696988
0.123466180592
0.591795175247
0.382256256938
0.555088871619
0.132978316769
0.707561034526
0.697813533703
0.182755052418
0.858783538166
0.286893037836
0.635803987106
0.424862641234
0.939592175437
0.731559533325
0.880762626518
0.810426650494
0.426421470464
0.52806815789
0.594325777699
0.847547759361
0.039431989737
0.876697086524
0.39012942589
0.877846159416
0.517455074117
0.180408383362
0.595309042664
0.443950090965
0.563863584131
0.329738089427
0.349290378971
0.478106363862
0.830754145088
0.341769484844
0.385166933171
0.376160151618
0.737362575128
0.923932825001
0.174575173052
0.565907487205
0.913334048707
0.561781737998
0.808783627191
0.688641480389
0.581809883431
0.328182244452
0.703824750016
0.397770744239
0.442371164899
0.114625778922
0.366388855419
0.911375178192
0.281067662126
0.47584488137
0.790122023107
0.46440813529
0.448162047839
0.389884849303
0.709999702641
0.736713396991
0.727440474267
0.477452191319
0.460189838137
0.539311315592
0.54509834933
0.890412333893
0.588407817132
