0.0904303209255
0.243399970957
0.105542378624
0.260670894041
0.324042790067
0.378716297982
0.666707004211
0.436991141875
0.0005857011472
0.363008858125
0.352538845055
0.442552882521
0.283469674234
0.193358826662
0.151183503558
0.463672007358
0.160065830873
0.587235587395
0.147645094148
0.574108136889
0.0774529260855
0.0834357906965
0.546372041241
0.61568323733
0.488043951789
0.739542088194
0.469901737741
0.322053342369
0.420233312358
0.0626070961808
0.430945350695
0.346023524856
0.647093276538
0.664746599545
0.22512222276
0.301389225035
0.202831695629
0.0681543153105
0.72130306404
0.0949465124159
0.166101941043
0.0463575197251
0.146851251271
0.18057021153
0.230093421753
0.544024396147
0.516157606854
0.197632992884
0.157001790987
0.628312115785
0.487192022847
0.261851977346
0.394738370686
0.427605402004
0.355922358294
0.33921293383
0.710305435888
0.0920180066799
0.429135001694
0.0810106975168
0.583948884264
0.0602788131081
0.554567016797
0.396500314633
0.447775787792
0.629362505446
0.389283121158
0.14482307953
0.314811946367
0.0961614792584
0.454726753473
0.233322038821
0.610610387724
0.247141681592
0.6002710683
0.474766445617
0.575511883441
0.077723994385
0.0910402245994
0.368299530471
0.245878309696
0.791664649789
0.0464059247785
0.488803911128
0.178266130984
0.540427900673
0.299709569679
0.481828742921
0.603170531003
0.61401810349
0.38604482308
0.265651774045
0.106694418897
0.789418655308
0.25822643884
0.565288736144
0.260356261194
0.417609758459
0.298330025655
0.256324120238
0.364538457815
0.0790067283024
0.685817319328
0.18382787163
0.22733917421
0.32533036449
0.487264630427
0.215228229827
0.184728205625
0.39243429014
0.560157800474
0.375802313762
0.0985914129435
0.0933346241348
0.68917663004
0.139469480614
0.311704341933
0.661648676122
0.228055569001
0.420973909676
0.236013359795
0.485991577521
0.39534827436
0.113829323781
0.427324652694
0.41422624522
0.481233360763
0.354116849799
0.152853477903
0.930935669684
0.0249576455782
0.64476015296
0.33129386708
0.537150878552
0.692047049712
0.168982041725
0.115697758846
0.257103441599
0.366024492957
0.195914613486
0.407507623796
0.433472094487
0.238675637737
0.70846120335
0.262955612566
0.584006970328
0.575090759475
0.251682075609
0.737978604966
0.685415557384
0.372549494167
0.499056101457
0.551846652791
0.42580957452
0.284123142456
0.211012149668
0.259949658744
0.366334285299
0.714182680672
0.557790793359
0.0889975313423
0.605072849605
0.259688271456
0.175289220195
0.67141197541
0.603286703132
0.408558013457
0.309361537344
0.327818384239
0.345074785808
0.123631347113
0.376383174403
0.699206157123
0.243119221647
0.158623360279
0.209724575246
0.446638269035
0.112730529067
0.25433467254
0.207923907256
0.382119173242
0.470598770512
0.644997337722
0.251227068106
0.107730287042
0.262655501234
0.274137179922
0.52247930684
0.226525969311
0.75225325524
0.348342126918
0.750486470788
0.684936347355
0.557708504768
0.0548477661068
0.42609032383
0.642330219275
0.231836003679
0.463962437678
0.601035868145
0.801882956581
0.346594704487
0.598576891427
0.498659180018
0.137528437969
0.696209884312
0.0927295609662
0.101418268067
0.683697177985
0.666048695484
0.278566242316
0.596935960114
0.726191974442
0.702400890653
0.335476063701
0.757940849025
0.157877922455
0.174132339416
0.47627184278
0.659528534779
0.342736821724
0.369054649305
0.436628103974
0.256856575827
0.104753376252
0.496466431095
0.410571663682
0.721041676751
0.193649256982
0.242063991481
0.298034754828
0.184786291689
0.213519531439
0.363996321216
0.309075947529
0.55399099666
0.216864320635
0.662689384772
0.337688174645
0.60991819546
0.111868919115
0.21214482792
0.521433757684
0.520170385788
0.445418461687
0.40686867709
0.801761943947
0.371760491795
0.369630669442
0.18903141488
0.301761943947
0.152853477903
0.19722154993
0.398983493877
0.166222953676
0.488736144053
0.339280700905
0.676581635123
0.523539377511
0.520518902173
0.200919696016
0.441720315601
0.818418122852
0.307827097149
0.592129338303
0.452030591994
0.555941720316
0.7970134082
0.11742097875
0.594752892202
0.613795440244
0.51624473595
0.560211046033
0.339808315988
0.566155186601
0.345190957936
0.264882133695
0.352819594366
0.165859915775
0.540718330994
0.277210900818
0.385463962438
0.311747906481
0.104772738274
0.170419671814
0.262490924052
0.273096471272
0.391054746115
0.391103151169
0.289931748875
0.395759717314
0.264315794569
0.648467980057
0.426734111041
0.322329251174
0.561435693886
0.197139261339
0.210000484051
0.155530277361
0.644101844233
0.123979863498
0.119178082192
0.554082966262
0.532213563096
0.633912580473
0.570124400987
0.179577907934
0.505169659712
0.201921680623
0.278566242316
0.479902221792
0.412227116511
0.423389321845
0.510077932136
0.345892831212
0.622784258677
0.0443874340481
0.504380657341
0.453763492909
0.517943753328
0.387172660826
0.678798586572
0.217522629363
0.296229246333
0.430935669684
0.750520354325
0.304855026865
0.582903335108
0.488102037853
0.327232683092
0.258178033787
0.159426884167
0.271160269132
0.315528341159
0.217561353405
0.458691127354
0.401156880778
0.473948400213
0.595014279491
0.255036545815
0.429527082627
0.526845442664
0.280681543153
0.553966794133
0.721564451329
0.212004453265
0.500367878407
0.582540297207
0.156953385933
0.257514884554
0.646856091776
0.534537005663
0.0684011810833
0.216167287865
0.673391742098
0.478256449973
0.513572776998
0.618737596205
0.472399438501
0.225707923907
0.126472723752
0.159615663875
0.159504332252
0.51006341062
0.447141681592
0.147422430902
0.324604288688
0.535819739581
0.336700711554
0.543975991093
0.549808800039
0.648419575004
0.0695435403456
0.535684205431
0.127208480565
0.530403214096
0.528142698098
0.413035480904
0.821220775449
0.475526404957
0.122338932185
0.122648724527
0.241681591558
0.472375235975
0.295193378189
0.443593591171
0.537213805121
0.652200009681
0.128994627039
0.457224454233
0.529372186456
0.141028123336
0.136768478629
0.211718863449
0.706616970812
0.488252093519
0.513417880827
0.27522145312
0.539682462849
0.12983687497
0.342460912919
0.482172418801
0.471944430999
0.588465075754
0.207706084515
0.521908127208
0.603272181616
0.753506946125
0.150970521322
0.66752020911
0.509138874098
0.488310179583
0.615813930974
0.6967423399
0.187308194976
0.706718621424
0.514376300886
0.595144973135
0.517846943221
0.0860157800474
0.89888668377
0.50020814173
0.745641124933
0.141052325863
0.137213805121
0.259576939833
0.489602594511
0.0392516578731
0.172694709328
0.597003727189
0.440413379157
0.494941671911
0.542417348371
0.311888281137
0.584616874002
0.402410571664
0.547180405634
0.150926956774
0.543370927925
0.453211675299
0.632474950385
0.553376252481
0.700585701147
0.205527857108
0.144590735273
0.155738419091
0.700290430321
0.426564693354
0.646517256402
0.347495038482
0.387245268406
0.590865966407
0.216389951111
0.205150297691
0.153076141149
0.546943220872
0.330713006438
0.541347596689
0.160070671378
0.228321796796
0.327634445036
0.0717846943221
0.0475192410088
0.521651580425
0.325291640447
0.20839827678
0.389350888233
0.341613824483
0.0559368798103
0.426342030108
0.261295319231
0.429744905368
0.743114381141
0.812653080982
0.182850089549
0.2708601578
0.0957936008519
0.641250786582
0.00836439324265
0.750549397357
0.284224793068
0.530654920374
0.596800425964
0.680918727915
0.610392564984
0.490410958904
0.349256982429
0.296863352534
0.612527227843
0.17120383368
0.212372331671
0.276484825016
0.361367926812
0.575889442858
0.726264582022
0.281736773319
0.127092308437
0.416181809381
0.435524468755
0.312178711457
0.414110073092
0.835548671281
0.535587395324
0.299273924198
0.109104990561
0.17841618665
0.623926617939
0.170918243865
0.71089597754
0.701050389661
0.26988237572
0.107415654194
0.280555690014
0.189074979428
0.212672443003
0.530185391355
0.77001790987
0.744890846604
0.124531681108
0.375458637882
0.316888523162
0.351333559224
0.156241831647
0.652650176678
0.538704680769
0.174848734208
0.771833099376
0.122300208142
0.18486858028
0.488886199719
0.605895735515
0.914618326153
0.218393920325
0.387579263275
0.749426400116
0.68980105523
0.580410474854
0.294080061958
0.165317779176
0.14982816206
0.323999225519
0.118626264582
0.448816496442
0.51325814415
0.210237668813
0.391761459896
0.553957113123
0.376155670652
0.164935379254
0.400295270826
0.222948835858
0.162127886151
0.854145892831
0.628447649935
0.488610290914
0.427135872985
0.153487584104
0.246105813447
0.0724333220388
0.121182051406
0.0952514642529
0.202720364006
0.419265211288
0.474219468513
0.174335640641
0.512449779757
0.541410523259
0.262965293577
0.412348129145
0.311568807784
0.649373154557
0.590285105765
0.344673023864
0.64046178421
0.0433128418607
0.293392710199
0.456924342901
0.805087371122
0.540839343627
0.0241444406796
0.595333752844
0.845670167966
0.529991771141
0.405324555884
0.394075221453
0.112614356939
0.589065298417
0.0848588992691
0.121995256305
0.2845249044
0.107163947916
0.423718476209
0.529391548478
0.168042983687
0.684713684109
0.55094147829
0.534420833535
0.13615373445
0.0697177985382
0.509453506946
0.540113267825
0.224192845733
0.687966503703
0.431380996176
0.336216661019
0.052103199574
0.263802701002
0.264688513481
0.572685028317
0.750544556852
0.718955418946
0.0668861029091
0.815508979137
0.275613534053
0.387521177211
0.317633960986
0.22151120577
0.333273633767
0.250278329058
0.498484921826
0.398659180018
0.151319037708
0.701050389661
0.428166900624
0.614860351421
0.483861755167
0.512086741856
0.324541362118
0.655844910209
0.23358342611
0.302623553899
0.237591364538
0.0329977249625
0.376799457863
0.159310712038
0.110881456024
0.249929812672
0.428442809429
0.274945544315
0.0823757200252
0.771010213466
0.391161237233
0.641923616826
0.409656808171
0.177932136115
0.154300789002
0.522740694128
0.539445278087
0.123132775062
0.0255820707682
0.685018635946
0.397904061184
0.363652645336
0.263163754296
0.244251899898
0.320639914807
0.109966600513
0.256996950482
0.141091049906
0.497937944721
0.659785081563
0.406544363232
0.759146134856
0.628113655066
0.47286896752
0.406307178469
0.788736144053
0.65183697178
0.671373251367
0.665201607048
0.589650999564
0.264310954064
0.592453652161
0.470540684447
0.0609274408248
0.310440970037
0.137693015151
0.495411200929
0.966934507963
0.206641173338
0.226279103538
0.337354179776
0.408001355341
0.322203398035
0.310053729609
0.508403117285
0.0626700227504
0.362384432935
0.417464543298
0.237116995014
0.203833680236
0.484679800571
0.186891911516
0.357645578198
0.304114429546
0.624396146958
0.646265550123
0.853526308147
0.758608838763
0.448346967423
0.243264436807
0.568657727867
0.0511350985043
0.104385497846
0.846197783049
0.43255239847
0.647083595527
0.165216128564
0.203896606806
0.0474514739339
0.0931119608887
0.471958952515
0.516259257466
0.484704003098
0.224459073527
0.427290769156
0.542552882521
0.179732804105
0.520557626216
0.586073866112
0.475787792246
0.341337915678
0.203577133453
0.479911902803
0.301137518757
0.192874776127
0.709337334818
0.306573406264
0.416438356164
0.279471416816
0.184689481582
0.651875695823
0.452427513432
0.127373057747
0.469165980928
0.498693063556
0.382487051648
0.0569969504816
0.213059683431
0.892119657292
0.611457476161
0.465099956435
0.51360182003
0.387966503703
0.188973328816
0.185720509221
0.378764703035
0.472960937122
0.674916501283
0.267583135679
0.108364393243
0.31457960211
0.592172902851
0.484946028365
0.511070235733
0.486630524227
0.245650805944
0.13074204947
0.567437920519
0.00595866208432
0.337175081078
0.129740064863
0.172167094245
0.46647950046
0.632915436372
0.412343288639
0.484147344983
0.603209255046
0.293871920228
0.605319715378
0.0699404617842
0.668604482308
0.279989350888
0.109013020959
0.749528050728
0.875148845539
0.375250496152
0.281794859383
0.202115300837
0.401766784452
0.891713054843
0.147751585266
0.246686674089
0.603557771431
0.0248656759766
0.697942785227
0.196340577956
0.127000338835
0.419090953096
0.270303499685
0.411709182439
0.102129822353
0.716990173774
0.663768817465
0.0911079916743
0.58813592139
0.39799119028
0.470109879471
0.35717604918
0.387250108911
0.475468318892
0.436511931846
0.392284234474
0.718113171015
0.335877825645
0.230475821676
0.398465559804
0.253686044823
0.377365796989
0.221859722155
0.113635703567
0.179340723171
0.0714313374316
0.0656711360666
0.295377317392
0.188169804928
0.326385594656
0.720504380657
0.501486035142
0.775463478387
0.603165690498
0.528074931023
0.521390193136
0.458405537538
0.12207270439
0.457597173145
0.650249286025
0.399075463478
0.16204559756
0.095614502154
0.859939977734
0.380821917808
0.373009342175
0.17210900818
0.454426642141
0.222116268938
0.206573406264
0.579660196525
0.131739193572
0.446647950046
0.628215305678
0.696500314633
0.198242896558
0.374509898833
0.232547557965
0.488160123917
0.527503751392
0.632455588363
0.581964277071
0.357626216177
0.271373251367
0.120146183262
0.49895929135
0.670482598383
0.496054988141
0.752959969021
0.290212498185
0.42255191442
0.291175758749
0.526380754151
0.406370105039
0.346197783049
0.617948593833
0.107062297304
0.325553027736
0.118268067186
0.2041628346
0.151091533956
0.401093954209
0.355191441987
0.197216709424
0.552224212208
0.568023621666
0.151367442761
0.15426206496
0.637165400068
0.332203882085
0.0628781644804
0.299888668377
0.606708940413
0.775516723946
0.375042354422
0.66453361731
0.427174597028
0.29264243187
0.653840940994
0.56273294932
0.187390483566
0.144469722639
0.328345999322
0.301616728786
0.0251028607387
0.763768817465
0.260157800474
0.11318553657
0.325872501089
0.13247979089
0.439304903432
0.464673991965
0.223674911661
0.240229439954
0.10658792778
0.19256982429
0.462611936686
0.362863642964
0.0452538845055
0.502976910789
0.133462413476
0.588043951789
0.451575584491
0.568067186214
0.776639721187
0.77682366039
0.289568710973
0.188131080885
0.540776417058
0.236265066073
0.23289607435
0.686059344596
0.252780870323
0.135563192797
0.36724914081
0.546183261533
0.320204269326
0.331487487294
0.444450360618
0.133288155283
0.641386320732
0.793954208819
0.238491698533
0.241134614454
0.615141100731
0.583343821095
0.465840553754
0.641342756184
0.142170482598
0.0980976813979
0.415276634881
0.500721235297
0.514008422479
0.490318989302
0.498509124353
0.675657098601
0.682569340239
0.456556464495
0.721041676751
0.50992787647
0.123757200252
0.340248801975
0.163923713636
0.658197395808
0.575899123869
0.253235877826
0.33532116753
0.155293092599
0.495779079336
0.443477419043
0.404245123191
0.169524178324
0.419342659374
0.473604724333
0.0939929328622
0.665390386756
0.337388063314
0.170351904739
0.154489568711
0.173503073721
0.654649305387
0.430621036836
0.580352388789
0.388102037853
0.616084999274
0.479519821869
0.392003485164
0.543206350743
0.469901737741
0.321288542524
0.475042354422
0.32518514933
0.308853284283
0.160182003001
0.302550946319
0.223645868629
0.25183697178
0.376257321264
0.235059780241
0.298867321748
0.224541362118
0.498785033157
0.743327363377
0.761358245801
0.430979234232
0.622643884021
0.622411539765
0.469364441648
0.444256740404
0.136661987511
0.374863255724
0.134478919599
0.502517062781
0.228728399245
0.317827581199
0.0562418316472
0.225378769544
0.581823902415
0.446328476693
0.402681639963
0.672917372574
0.74309501912
0.200721235297
0.537659131613
0.7247059393
0.825054455685
0.201655452829
0.310634590251
0.148835858464
0.174364683673
0.50450651048
0.275313422721
0.478290333511
0.123708795198
0.33961953628
0.335190473885
0.389355728738
0.338075415073
1.0
0.157088920083
0.494893266857
0.206249092405
0.518176097585
0.65295028801
0.28667892928
0.0953627958759
0.462331187376
0.522653565032
0.460477273827
0.0845200638947
0.537920518902
0.534890362554
0.366484340965
0.773633767365
0.0161479258435
0.490817561353
0.587119415267
0.453018055085
0.240795779079
0.525857979573
0.528573503074
0.801069751682
0.422731013118
0.288682898495
0.500484050535
0.566765090275
0.835301805508
0.835902028172
0.584219952563
0.227697371606
0.595624183165
0.332019942882
0.426158090905
0.445249044
0.28251609468
0.450738177066
0.218413282347
0.23587298514
0.651614308534
0.453768333414
0.415450893073
0.50124885038
0.80361101699
0.276930151508
0.451227068106
0.494573793504
0.202197589428
0.165104796941
0.286882230505
0.518447165884
0.852122561595
0.427426303306
0.627958758894
0.666072898011
0.332329735224
0.300150055666
0.131192216467
0.461092018007
0.44399051261
0.169427368217
0.723999225519
0.607788373106
0.648719686335
0.557766590832
0.373590202817
0.506950965681
0.176160511157
0.395914613486
0.200701873276
0.397579747326
0.579432692773
0.17238007648
0.18611743066
0.504840505349
0.348080739629
0.472118689191
0.245500750278
0.648366329445
0.236100488891
0.158545912193
0.103794956193
0.632712135147
0.103034996854
0.0539813156494
0.688058473305
0.27404521032
0.563202478339
0.189147587008
0.654920373687
0.710658792778
0.546013843845
0.127397260274
0.51076044339
0.0
0.527997482937
0.193644416477
0.323098891524
0.651411007309
0.457079239073
0.536119850912
0.0865143520984
0.33108572535
0.274645432983
0.0852170966649
0.703528728399
0.210102134663
0.206563725253
0.250220242993
0.336042402827
0.290962776514
0.309269567743
0.392482695193
0.127813543734
0.279379447214
0.409443825935
0.530795295029
0.417362892686
0.122484147345
0.210721719347
0.153613437243
0.078779224551
0.245771818578
0.321467641222
0.170487438889
0.172094486664
0.539919647611
0.166324604289
0.91450699453
0.342548042016
0.587637349339
0.474897139261
0.268197879859
0.282022363135
0.524846313955
0.229546444649
0.186722493828
0.517987317876
0.975676460622
0.649736192458
0.453889346048
0.445263565516
0.745031221259
0.0935330848541
0.717687206544
0.692681155913
0.071978314536
0.27480516966
0.349784597512
0.644924730142
0.212909627765
0.578421027155
0.268347935524
0.341797763687
0.24608161092
0.291717895348
0.332368459267
0.29347499879
0.720509221163
0.393905803766
0.54295948497
0.517459702793
0.498586572438
0.55822643884
0.0611307420495
0.354847766107
0.573425625635
0.657761750327
0.224546202624
0.533438210949
0.101011665618
0.426777675589
0.590686867709
0.790193136163
0.666043854978
0.301200445326
0.345699210998
0.306984849218
0.0534779030931
0.686645045743
0.702391209642
0.324831792439
0.58230795295
0.49881407619
0.572970618133
0.636265066073
0.400929377027
0.351846652791
0.554421801636
0.681436661988
0.559751198025
0.63774626071
0.491238685319
0.375492521419
0.575027832906
0.363618761799
0.0445132871872
0.363468706133
0.709797182826
0.191679171305
0.297400648628
0.409845587879
0.821414395663
0.122876228278
0.283358342611
0.118268067186
0.556319279733
0.269596785904
0.118185778595
0.355065588847
0.457776271843
0.108499927392
0.568575439276
0.579243913065
0.53982767801
0.642601287574
0.0596592284234
0.405111573648
0.446938380367
0.100324313858
0.0808267583136
0.451072171935
0.17599109347
0.339745389419
0.181354373397
0.52491408103
0.260845152234
0.234711263856
0.392172902851
0.666953869984
0.487385643061
0.615068493151
0.158478145118
0.296171160269
0.265564644949
0.542044629459
0.486088387628
0.622876228278
0.726559852849
0.133414008422
0.933505978024
0.92901398906
0.113630863062
0.0267534730626
0.528394404376
0.0535311486519
0.237286412701
0.72727624764
0.179994191394
0.467960695097
0.0993900963261
0.0934362747471
0.502178227407
0.7327605402
0.37688658696
0.501989447698
0.46218113171
0.16411733385
0.198765671136
0.205198702745
0.12956580667
0.662645820224
0.175076237959
0.399423979863
0.00919211965729
0.709627765139
0.279742485115
0.200309792342
0.28770995692
0.707081659325
0.288014908756
0.415934943608
0.775003630379
0.487124255772
0.643443535505
0.0726559852849
0.482835568033
0.496505155138
0.314855510915
0.510605547219
0.442852993853
0.719870274457
0.701878116075
0.21019894477
0.456788808752
0.405474611549
0.577298029914
0.128631589138
0.0144295464446
0.155907836778
0.0510673314294
0.590609419623
0.352175807154
0.56252480759
0.502604191878
0.476649402198
0.566566629556
0.541463768817
0.31061522823
0.680821917808
0.481790018878
0.717256401568
0.379563386418
0.366532746019
0.328012004453
0.226332349097
0.560549881408
0.265598528486
0.679839295222
0.701631250303
0.0722058182874
0.607333365603
0.372694709328
0.498436516772
0.706791229004
0.274224309018
0.32893170047
0.661498620456
0.839425916066
0.449092405247
0.0763105668232
0.310557142166
0.233418848928
0.0669780725108
0.240839343627
0.329778788906
0.268599641803
0.177041483131
0.745142552883
0.579965148361
0.0296480952611
0.173164238346
0.662350549397
0.659199380415
0.255181760976
0.544595575778
0.337460670894
0.721099762815
0.776112106104
0.353778014425
0.527702212111
0.204816302822
0.608519289414
0.131589137906
0.205334236894
0.175594172032
0.491248366329
0.127842586766
0.234483760105
0.714845829905
0.411147683818
0.201156880778
0.722774577666
0.259141294351
0.662568372138
0.846580182971
0.21825354567
0.676320247834
0.691175758749
0.466039014473
0.29278764703
0.166077738516
0.523626506607
0.108407957791
0.371973474031
0.344184132823
0.141555738419
0.233772205818
0.32873323975
0.561755167239
0.26093228133
0.235843942108
0.558057021153
0.116467399196
0.552713103248
0.493349145651
0.104080546009
0.185570453555
0.0200445326492
0.570085676945
0.198659180018
0.393746067089
0.62400890653
0.131192216467
0.16897720122
0.514763541314
0.147446633429
0.180860641851
0.488818432644
0.562558691127
0.0178421027155
0.440965196767
0.249431240622
0.553482743598
0.652272617261
0.297032770221
0.248351807929
0.549208577375
0.638782128854
0.420175226294
0.329478677574
0.719996127596
0.483121157849
0.888440873227
0.192724720461
0.551391645288
0.715968827146
0.133694757733
0.150409022702
0.0997144101844
0.519328137858
0.2265162883
0.409356696839
0.144973135195
0.152780870323
0.471987995547
0.415465414589
0.338893460477
0.165559804444
0.499753134227
0.854784839537
0.43227164916
0.460051309357
0.252296819788
0.313427561837
0.261372767317
0.493823515175
0.555873953241
0.501214966843
0.633171983155
0.527915194346
0.505426206496
0.847078755022
0.289283121158
0.548501863595
0.684302241154
0.307444697226
0.2455201123
0.296035626119
0.50034367588
0.153579553705
0.147364344838
0.175192410088
0.282085289704
0.646367200736
0.726487245268
0.123413524372
0.68230795295
0.522261484099
0.062873323975
0.526869645191
0.578808267583
0.635718088968
0.16842538361
0.264330316085
0.912077060845
0.316273778983
0.491558158672
0.497526501767
0.42872355874
0.288484437775
0.518166416574
0.112507865821
0.144300304952
0.471121545089
0.259073527276
0.742790067283
0.5946609226
0.284132823467
0.0265066072898
0.923423205383
0.0916936928215
0.676867224938
0.854416961131
0.279703761073
0.547998451038
0.314903915969
0.287879374607
0.137659131613
0.160603126966
0.484428094293
0.702807493102
0.611331623021
0.456348322765
0.359504332252
0.366619875115
0.834120722203
0.135345370057
0.597042451232
0.726458202236
0.835117866305
0.197153782855
0.202943027252
0.495919453991
0.282530616196
0.756861416332
0.659552737306
0.714540878068
0.372965777627
0.0207899704729
0.059305871533
0.36197298998
0.580758991239
0.332489471901
0.358182874292
0.132368459267
0.159649547413
0.496200203301
0.173575681301
0.210305435888
0.356469335399
0.234687061329
0.613780918728
0.772017038579
0.300140374655
0.59319424948
0.499743453217
0.362311825355
0.274335640641
0.28354712232
0.618064765962
0.128815528341
0.574272714071
0.679437533278
0.66301369863
0.330567791277
0.0298659180018
0.538051212547
0.480599254562
0.109622924633
0.726646981945
0.270419671814
0.528631589138
0.665312938671
0.409535795537
0.259939977734
0.349102086258
0.353492424609
0.28382787163
0.247727382739
0.214158478145
0.2711312261
0.357539087081
0.567970376107
0.179335882666
0.239788953967
0.491098310664
0.60798199332
0.597536182777
0.672578537199
0.147219129677
0.473411104119
0.345699210998
0.687893896123
0.453763492909
0.512435258241
0.232910595866
0.550534875841
0.497889539668
0.585507526986
0.193775110121
0.146880294303
0.140974877777
0.150864030205
0.676421898446
0.157752069316
0.485904448424
0.326138728883
0.279219710538
0.465516239895
0.65552059635
0.496674572825
0.645021540249
0.484892782807
0.230756570986
0.241962340868
0.060569243429
0.565056391887
0.47814511835
0.398194491505
0.219308775836
0.464020523743
0.0556658115107
0.687642189845
0.611854397599
0.67543927586
0.187738999952
0.613461445375
0.33066944189
0.316070477758
0.532223244107
0.553260080352
0.0488455394743
0.218543975991
0.24211723704
0.529560966165
0.762955612566
0.593508882327
0.192768285009
0.490464204463
0.165492037369
0.213916452878
0.271470061474
0.180032915436
0.441052325863
0.751996708456
0.0800861609952
0.273749939494
0.654944576214
0.491301611888
0.604530713006
0.494423737838
0.407764170579
0.28507672201
0.153758652403
0.130630717847
0.364025364248
0.672031560095
0.420034851639
0.246415605789
0.354015199187
0.498538167385
0.168570598771
0.578498475241
0.750922116269
0.475153686045
0.406534682221
0.817803378673
0.184292560143
0.147935524469
0.812846701196
0.522803620698
0.108829081756
0.310019846072
0.100745437824
0.646643109541
0.047606370105
0.52317633961
0.640021298224
0.521201413428
0.398136405441
0.520242993369
0.513127450506
0.490628781645
0.217551672395
0.459969020766
0.226971295803
0.283624570405
0.348366329445
0.548269519338
0.217377414202
0.319608887168
0.636061764848
0.11672394598
0.594748051697
0.128268551237
0.323979863498
0.146725398132
0.310416767511
0.295633864175
0.160777385159
0.106069993707
0.479350404182
0.470056633913
0.163967278184
0.445002178227
0.462447359504
0.19292318118
0.524299336851
0.600009681011
0.680265259693
0.395996902077
0.500464688513
0.190115688078
0.170143763009
0.194481823902
0.157359988383
0.759397841135
0.279781209158
0.12047049712
0.213921293383
0.242901398906
0.806055472191
0.146991625926
0.591224163803
0.583034028753
0.537349339271
0.634406312019
0.308093324943
0.38001839392
0.143637155719
0.060680575052
0.352998693064
0.0196572922213
0.337828549301
0.276349290866
0.202178227407
0.15238878939
0.457205092212
0.243041773561
0.451938622392
0.620775448957
0.111844716588
0.437886635365
0.400116172128
0.137199283605
0.165032189361
0.56800910015
0.0335495425722
0.289752650177
0.137213805121
0.166828016845
0.415295996902
0.556900140375
0.0887700275909
0.583150200881
0.609109831066
0.160351420688
0.475695822644
0.11533956145
0.622731013118
0.602807493102
0.201955564161
0.376649402198
0.196693934847
0.192550462268
0.367418558498
0.802638075415
0.351101214967
0.675177888572
0.62247930684
0.414652209691
0.504438743405
0.261430853381
0.138907981993
0.104230601675
0.732528195944
0.17723994385
0.609642286655
0.49028026526
0.547020668958
0.525015731642
0.171300643787
0.541400842248
0.237334817755
0.762834599932
0.661561547026
0.153608596737
0.361033931942
0.446313955177
0.221748390532
0.569001403747
0.126603417397
0.384921825839
0.172907691563
0.1297739484
0.558071542669
0.366639237136
0.288682898495
0.606907401133
0.124342901399
0.117774335641
0.590139890605
0.657989254078
0.591233844813
0.79042548042
0.12005421366
0.262103683625
0.271532988044
0.687177501331
0.454852606612
0.290652984172
0.136787840651
0.540229439954
0.460167481485
0.245307130064
0.632929957888
0.5595478968
0.342872355874
0.151817609758
0.128442809429
0.712043177308
0.12858802459
0.207928747761
0.325838617552
0.677206060313
0.530296722978
0.0355389902706
0.258889588073
0.372922213079
0.619589525146
0.104879229392
0.616220533424
0.0759572099327
0.197700759959
0.589137905997
0.0849653903868
0.500972941575
0.517091824386
0.519841231425
0.213437242848
0.144179292318
0.189844619778
0.297904061184
0.586219081272
0.598494602837
0.0259063846266
0.272278425868
0.225441696113
0.580120044533
0.244774674476
0.182520935186
0.636623263469
0.465153201994
0.140079384288
0.500106491118
0.532368459267
0.518573019023
0.400764799845
0.47300450167
0.755772302628
0.165341981703
0.203978895397
0.379834454717
0.352674379205
0.445118350356
0.472835083983
0.457519725059
0.184616874002
0.293663778498
0.30991819546
0.176005614986
0.395261145264
0.396001742582
0.418166416574
0.0940219758943
0.165767946174
0.641938138342
0.568246284912
0.411902802653
0.313480807396
0.50437097633
0.508795198219
0.369103054359
0.542310857253
0.154441163657
0.731226100005
0.172757635897
0.0504041821966
0.412653080982
0.0276586475628
0.0607870661697
0.093102279878
0.750646207464
0.355912677284
0.210963744615
0.193799312648
0.256295077206
0.603499685367
0.281001016506
0.53039837359
0.368890072124
0.146865772787
0.300101650612
0.363212159349
0.456174064572
0.479631153492
0.855820707682
0.656314439227
0.598189651
0.109579360085
0.15829904642
0.551725640157
0.639125804734
0.464828888136
0.366213272666
0.231923132775
0.0287283992449
0.235645481388
0.563120189748
0.818887651871
0.554426642141
0.871915387967
0.214560240089
0.146386562757
0.0965729222131
0.491592042209
0.718161576069
0.655007502783
0.613335592236
0.265550123433
0.379006728302
0.295769398325
0.450481630282
0.560288494119
0.310818529454
0.483392226148
0.402265356503
0.473677331913
0.256701679655
0.24905852171
0.255143036933
0.558366813495
0.5285977056
0.293930006293
0.216544847282
0.805489133065
0.558899269084
0.337489713926
0.888426351711
0.206965487197
0.606152282298
0.66266034174
0.31852461397
0.584979911903
0.158211917324
0.648792293915
0.523224744663
0.598107362409
0.125761169466
0.719618568179
0.325127063265
0.767055520596
0.164824047631
0.609264727238
0.202604191878
0.0442180163609
0.408649983058
0.41498620456
0.412173870952
0.506563725253
0.190783677816
0.177288348904
0.28272423641
0.662563531633
0.191446827049
0.721312745051
0.439880923568
0.794404375817
0.40645239363
0.0419817028898
0.704003097923
0.217343530665
0.535059780241
0.189346047727
0.392932862191
0.180613776078
0.635490585217
0.811815673556
0.527610242509
0.176838181906
0.358541071688
0.0264872452684
0.641216903045
0.431250302532
0.344890846604
0.385991577521
0.647829033351
0.757389031415
0.391504913113
0.310736240864
0.258599157752
0.366571470061
0.267951014086
0.659857689143
0.493097439373
0.475865240331
0.588915242751
0.17633476935
0.737644610097
0.367229778789
0.542010745922
0.567215257273
