0.000568817
0.00518822
0.000500841
0.00228788
0.537329
0.0255269
0.129706
0.0505042
0.590789
0.0104717
0.0124121
0.0271583
0.00263558
0.00100056
0.000535468
0.030102
0.807738
0.0548476
0.000155157
0.0222666
0.845229
0.440306
0.0563495
0.0806659
0.0304014
0.147293
0.0524879
0.0107889
0.00528308
0.748407
0.043432
0.0185861
0.0930343
0.120721
0.00489273
0.0035656
0.00679867
0.673213
0.164536
0.000832629
0.00200847
0.000144838
0.812738
0.699252
0.00543378
0.00752817
0.022243
0.00203618
0.0011948
0.0515245
0.0246654
0.00276744
0.00567469
0.0545386
0.0185139
0.00595582
0.228734
0.847581
0.0166586
0.807477
0.0392526
0.000193408
0.0242539
0.024497
0.01815
0.146817
0.0110552
0.00275803
0.00344903
0.735365
0.252519
0.0031222
0.0251911
0.00430944
0.034052
0.00691443
0.0810364
0.647133
0.000449547
0.0149178
0.505436
0.193121
0.000179869
0.0498688
0.00539101
0.0925035
0.0043386
0.0778821
0.105297
0.0961204
0.332974
0.599663
0.875108
0.195233
0.00469794
0.0138357
0.00607849
0.0161672
0.00322727
0.391951
0.00960129
4.47041e-05
0.193669
3.64385e-05
0.00126965
0.00200624
0.0570469
0.00131485
0.607294
0.0025451
0.376988
0.0103618
0.8666
0.600488
0.0109614
0.789422
0.00222366
0.0289709
0.000524912
0.0137964
0.00390773
0.039261
0.0214709
2.3495e-05
0.00775293
0.00243804
0.0555854
0.00165047
0.450747
0.187122
0.79935
0.13605
0.00827878
0.0650604
0.113935
0.345808
0.197601
0.00684286
0.00150826
0.236959
0.0150523
0.0322325
0.524865
0.0873338
0.00516758
0.04574
0.102528
0.331972
0.151087
0.0511164
0.024521
0.0520151
0.0520286
0.00537047
0.00470939
0.000459376
0.00650978
0.00671115
0.154907
0.0887577
0.647163
0.0835049
0.00102816
0.000472263
0.0894652
0.0789378
0.0390227
0.010432
0.0109571
0.0158423
0.948334
0.00129491
0.0470136
0.00236766
0.891664
0.000849704
0.010445
0.000324241
0.0010025
0.00218698
0.00896927
0.0083461
0.051907
0.490807
0.559165
0.00280596
0.00134456
0.0466513
0.00147809
0.163123
0.0218527
0.187749
0.0444214
0.0764305
6.58575e-05
0.0287554
0.0788252
0.00281071
0.021666
0.111709
0.1162
0.010775
0.0579188
0.0548849
0.916106
0.163313
0.771975
0.788342
0.177225
0.0799137
0.00418694
0.117432
0.100646
0.14191
0.00612885
0.221838
0.00219725
0.000303321
0.0314159
0.125082
0.00885883
0.00715789
0.475157
0.00437304
0.000638925
0.0445644
0.292839
0.0224314
0.00294152
0.00611489
0.00218804
0.000209022
0.00279431
0.0255811
0.00583367
0.111288
0.000520958
0.15954
0.0184475
0.032674
0.49273
0.372341
0.0374251
0.0811675
0.00480904
0.00289664
0.15112
0.0570787
0.0186299
0.00152938
0.0142037
0.002588
0.134949
0.027326
0.893887
0.0609684
0.0217154
0.000676764
0.0114179
0.0737052
0.00423064
0.00903736
0.0843373
0.336411
0.0768232
0.0696342
0.0750495
0.136427
2.11262e-05
0.0475483
0.194692
0.0310458
0.0194931
0.00490772
0.0931922
0.104239
0.00497417
0.0216196
0.00113767
0.00485813
0.00616251
0.0114333
0.36843
0.749281
0.000333849
0.00954484
0.000940206
0.0407039
0.0187478
0.00641482
0.123017
0.00462173
0.0354204
0.00417216
0.643451
0.0468349
0.00380147
0.00169776
0.690172
0.143981
0.00020365
0.574917
0.0543756
0.408076
0.1182
0.0457799
0.0024601
0.0288709
0.00206648
0.00512221
0.348898
0.593552
0.0439716
0.00512495
0.0113925
0.146777
0.708258
0.13317
0.0170812
0.0171615
0.00917588
0.148492
0.00277839
0.00788982
0.0551833
0.109248
0.0253376
0.079935
0.0611616
0.609691
0.278493
0.000858222
0.614072
0.0122504
0.0029508
0.053745
0.0946568
0.0298591
0.0697901
0.00375664
0.0501567
0.0536604
0.00621475
0.0296564
0.169554
0.338548
0.00821867
0.0177436
0.00401084
0.00316694
0.116694
0.0766662
7.04511e-05
0.00173042
0.0487251
0.0191469
0.518551
0.12464
0.0412016
0.00510099
0.00255403
0.000609314
0.894177
0.0183591
0.205935
0.00164179
0.00701768
0.203407
0.0287761
0.0222534
0.0572537
0.107591
0.827966
0.0403067
0.517293
0.0528454
0.0263585
0.00449724
0.0451376
0.0117229
0.66022
0.626387
0.0106865
0.0144005
0.258776
0.0343066
0.0468356
0.0917185
0.00200116
0.525959
0.0185474
0.632151
0.555517
0.00136688
0.263504
0.0137975
0.0156345
0.00592689
0.11949
0.00423129
0.221166
0.0380054
0.00700735
0.106271
0.00410481
0.188602
0.116116
0.183955
0.000432258
0.0607008
0.0283261
0.0236697
0.0524298
0.0164472
0.851835
0.162221
0.0356793
0.0197704
0.0300297
0.721121
0.341777
0.0291985
0.132679
0.56172
0.909978
0.690848
0.103635
0.510877
0.74345
0.0459619
0.0550025
0.0646123
0.0342685
0.00647497
0.0174109
0.024629
0.0339606
0.00156218
0.0886702
0.0164648
0.115339
0.117518
0.139183
0.332156
0.477717
0.000284029
0.230582
0.00601557
0.0457944
0.402875
0.0272373
0.00682787
0.228472
0.00190288
0.00155789
0.0670052
0.0112641
0.133606
0.475805
0.00111478
0.578625
0.663699
3.77261e-05
0.191735
0.017356
0.000430519
0.333315
0.00849984
0.893888
0.216671
0.377725
0.0248759
0.0683097
0.316024
0.000140275
0.0205777
0.831491
0.250261
0.807954
0.127372
0.004313
0.0850803
0.0259693
0.154532
0.0409072
0.0414504
0.236277
0.0064704
0.132347
0.000589691
0.0105468
0.31155
0.00645651
0.113501
0.0737659
0.00925417
0.569248
0.00619097
0.0077798
0.0102047
0.0237743
0.241551
0.0531915
0.73622
4.10485e-05
0.245853
0.0574211
0.822363
0.080011
0.112662
0.00601958
0.662299
0.00303348
0.0402465
0.391111
0.0897375
0.176082
0.233228
0.518166
0.0161127
0.264951
0.0123021
0.000616078
0.120104
0.0509755
0.529919
0.0133906
0.00138239
0.00129308
0.0183562
0.0427537
0.0128364
0.807099
0.0188251
0.22713
0.152837
0.097789
0.21481
0.000758329
0.744213
0.0010663
0.334563
0.0034859
0.0369905
0.00523075
0.0368996
0.0286737
0.0258978
0.361518
0.00174984
0.000158955
0.672516
0.0680897
0.0324887
0.00585291
0.050036
0.00176511
0.00833764
0.904577
0.74418
0.000610769
0.000507915
0.023764
0.144436
0.00249175
0.00598785
0.0195137
0.00361854
0.000705701
0.0135926
0.146837
0.048843
0.000690237
0.116334
0.727532
0.0148279
0.114858
0.359383
0.0832338
5.44234e-06
0.114645
0.104231
0.0654656
0.0236008
0.0226064
0.574288
0.15196
0.000109592
0.58975
0.00294329
0.000845253
0.024962
0.0466004
0.0013374
0.109939
0.0413508
0.120546
0.000327328
0.688286
0.045902
0.145298
0.000772237
0.0340316
0.0881326
0.0116735
8.92744e-06
0.0127908
0.0120672
0.0371236
0.0193098
0.111355
0.561091
0.215784
0.619516
0.0227489
0.0105748
0.6824
0.00450287
0.00534778
0.045074
0.0279376
0.000366689
0.24953
0.046769
0.0618824
0.0760464
0.00878381
0.00908917
0.0217416
0.00510476
0.0916908
0.416503
0.868936
0.0191551
0.0411669
0.000226614
0.00335338
0.0496617
0.520653
0.536908
0.210095
0.619152
0.0925215
0.0224604
0.372864
2.98548e-05
0.0703433
0.239203
0.00140449
0.991969
0.0859597
0.0141355
0.0201298
0.686383
0.00100334
0.575687
0.948611
0.656022
0.914308
0.067583
0.0245635
0.0179391
0.0507941
0.0422973
0.326346
0.0206635
0.132892
0.12004
0.0636848
0.0367414
0.0960192
0.00710941
0.0940773
0.0247628
0.950661
0.0127186
0.928277
0.150989
0.0273254
0.00154085
0.236658
0.0172007
0.0241412
0.000357813
0.00565344
0.44666
0.000220651
0.00266083
0.0878143
0.00126669
0.00110206
0.0151111
0.00358951
0.0228297
0.0051893
0.0853558
0.124932
0.162066
0.0706565
0.0333096
0.0432636
0.0427536
0.64185
0.000325986
0.199329
0.0310895
0.161669
0.286177
0.46007
0.717104
0.00113709
0.0327142
0.0507945
0.00892646
0.00121337
0.112443
0.0642517
0.829844
0.0426089
0.0710329
0.0194386
0.0141553
0.66504
0.0372962
0.00261955
0.799399
0.105453
0.00303564
0.00738438
0.00146792
0.583977
0.175219
0.00955335
0.000598724
0.0571363
0.0721788
0.0160615
0.000217585
0.00115556
0.314041
0.101121
0.458339
0.0688957
0.0129064
0.751253
0.484139
0.0318064
0.01523
0.0852071
0.00663783
0.000763596
0.0171854
0.306835
0.0263403
0.0319238
0.0146645
0.00551649
0.691147
0.00190709
1.0
0.01441
0.000762038
0.00124293
0.0173245
0.0751453
0.48259
0.0179283
0.206849
0.00308778
0.0329478
8.31724e-06
0.0686803
0.00954965
0.000530183
0.218357
0.0768257
0.0227393
0.00524704
0.671664
0.0252207
0.00340169
0.00104795
0.205129
0.0550223
0.783368
0.100725
0.0028574
0.420225
0.0284454
0.00769367
0.0201976
0.000112248
0.148133
0.0581324
0.515282
0.0171244
0.0187857
0.0439199
0.00662487
0.0195369
0.0334299
0.0342376
0.0193755
0.242201
0.469979
0.00219917
0.0104894
0.00387773
0.0198643
0.00134468
0.00106949
0.5249
0.699642
0.00011285
0.00656935
0.00192426
0.00786413
0.181883
0.0425207
0.225319
0.0943397
0.0665006
0.0478319
0.0129138
0.000319258
0.0553726
0.0954005
0.0318495
0.00348745
0.000415066
0.00975131
0.0279603
0.275969
0.000415125
0.0153335
0.479604
0.537044
0.114186
4.14208e-05
0.0345514
0.00119262
0.118356
0.00206307
0.00341937
0.00191246
0.0377994
0.10504
0.155252
0.0390234
0.508717
0.00047724
0.000462579
0.0210705
0.115004
0.0396485
0.192566
0.394396
0.605619
0.0118069
0.0446217
0.00731091
0.0121776
0.140427
0.968993
0.0111365
0.000231581
0.00240029
0.000341854
0.221905
0.0178192
0.000976086
0.0286841
0.114565
0.00203026
0.370595
0.00564419
0.0229141
0.896251
0.00750267
0.122253
0.123391
0.0139487
0.0564748
0.0112416
0.00715033
0.0462235
0.140819
0.00383127
0.000218396
0.00603041
0.364513
0.87916
0.187938
0.000396805
0.00124004
0.0193191
0.000314479
0.0391076
0.0187267
0.8068
0.00173053
0.000458507
0.676151
0.0228275
0.00615872
0.886515
0.0570609
0.666199
0.0619845
0.0319904
0.22194
0.059985
0.210819
0.00780481
0.00251145
0.0665853
0.00142073
0.00536453
0.193565
0.682882
0.344382
0.0176741
0.105925
0.014634
0.592689
0.0373082
0.00109468
0.129981
0.0555425
0.00695231
0.00681767
0.061368
0.0506826
0.0105953
0.0462623
0.000900061
0.898717
0.431121
0.0530084
0.0456482
0.0116461
0.00134812
0.221671
0.190137
0.0398752
0.141253
0.0396992
0.0010818
0.688135
0.639678
0.0212082
0.0711797
0.0019712
0.0095839
0.548934
0.0353572
0.0520099
0.0106447
0.677107
0.0212157
0.0172587
0.000529586
0.0446737
0.0217484
1.28479e-05
0.000702918
0.000482737
0.133897
0.00193043
0.0157623
0.0248595
0.0832935
0.0354051
0.0389099
0.0730377
0.0304111
0.0159235
0.154507
0.00418337
0.0161486
0.0023918
0.520315
0.00330033
0.00228159
0.0131555
0.00258671
0.00966315
0.00141099
0.044728
0.0748196
0.0970761
0.0278293
0.0724058
0.0227646
0.028748
0.0249732
0.00108118
0.0150449
0.761468
0.0459475
0.193557
0.00958846
4.37253e-05
0.00913175
0.0913086
0.0486499
0.0263755
0.158
0.200982
0.00724263
0.0915312
0.0602162
0.267124
0.0065415
0.0133632
0.0107219
0.000435406
0.0135387
0.00201517
0.188744
0.946784
0.0136288
0.0649301
0.0196582
0.0077556
0.00227307
0.436131
0.0575131
0.490492
0.0906634
0.136901
0.0080052
1.67006e-05
0.0164895
0.231804
0.0221404
0.874047
0.0366251
0.0660074
0.00504378
0.139826
0.81275
0.015857
0.103438
0.0115544
0.00790746
0.0766635
0.0785732
0.111038
0.018558
0.0167506
0.0683229
0.00104212
0.341259
0.0172145
0.136316
0.00288413
0.00608213
0.00744685
0.00942865
0.0280128
0.00264364
0.00939722
0.00198985
0.00233384
0.509934
0.00841813
0.0399575
0.0942937
0.337787
0.00238168
0.033925
0.0540518
0.00151749
0.863628
0.286231
0.020068
0.296142
0.0307006
0.0622607
0.149483
0.00444692
6.31388e-05
0.438363
0.0173063
0.0321734
0.00174555
0.0519769
0.0332126
0.125072
0.117853
0.0139188
0.0801932
0.00229756
0.0217082
0.00223871
0.0153068
0.0142474
0.000674659
0.727299
0.00865957
0.00800024
0.0564072
0.00717502
0.154923
0.00305231
0.00183266
0.913753
0.102547
0.00124856
0.000166125
0.115347
0.00485569
0.0386629
0.000786977
0.050947
0.135855
0.0241246
0.000802505
0.0910255
0.646417
0.0270432
0.687993
0.0162128
0.0500982
0.0415657
0.0273849
0.681723
0.139509
0.00376424
2.11396e-05
0.131995
0.00195862
0.000663031
0.16555
0.0121212
0.00852306
0.398692
0.186006
0.656242
0.465491
0.00835144
0.0558702
0.00472367
0.592669
0.00619286
0.392743
0.000833294
0.00114059
0.0231431
0.594513
0.888583
0.0316945
0.8445
0.338524
0.0127267
0.0197658
0.0181144
0.0100045
0.276093
0.0815957
0.00115024
0.000372992
0.0373562
0.0148513
0.0794846
0.0385388
0.0253469
0.224767
0.774311
0.320205
0.154401
0.673183
0.00865707
0.101017
0.0290288
0.00245696
0.0485715
4.73984e-05
0.0162317
0.00159912
0.00757823
0.0127593
0.0079188
0.157564
0.0423201
0.0454736
0.0101541
0.0198749
0.0480474
0.824977
0.0107422
0.0273286
0.0712176
0.569632
0.0102649
0.000153463
0.0889588
0.0409597
0.130434
0.0923564
0.00972
0.00553529
0.603408
0.000227452
0.155053
0.125672
0.044202
0.0349831
0.0722432
0.0517974
0.122098
0.00590738
0.0179656
0.0712642
0.037139
0.0441884
0.0571664
0.04443
0.0179177
0.0367906
0.0054859
0.00032428
0.021063
0.102373
0.00126187
0.0906797
0.0061325
0.42049
0.000829646
0.00497019
0.854619
0.0926577
0.222337
0.000973694
0.0330615
0.280166
0.470134
0.258858
0.0453153
0.0330322
0.051429
0.474817
0.0027322
0.0129176
0.557246
0.00045111
0.0110848
0.76042
0.00914938
0.318423
0.0602315
0.00211816
0.00419725
0.0164545
0.0605329
0.0415607
0.134057
0.00125722
0.00625949
0.00467249
0.0704565
0.00278904
0.0498871
0.0790807
0.836858
0.00755336
0.0464916
1.01606e-05
5.46637e-05
0.0492513
0.00024755
0.00248993
0.172822
0.00121868
0.0677132
0.815771
0.879119
0.0635259
0.134425
0.0089235
0.0748244
0.00721542
0.000681077
0.00206663
0.00245458
0.00302546
0.0156603
0.00522335
0.00627541
0.961315
0.0922426
0.255593
0.00358531
0.649971
0.15752
0.00715804
0.0466794
0.206349
0.0473366
0.0608786
0.90163
0.0217151
0.203178
0.391212
0.0559075
0.026659
0.231415
0.0675677
0.432872
0.0595027
0.0332888
0.013085
0.000936424
9.99602e-06
0.840664
0.938108
0.0172096
0.0132434
0.0645691
0.0500787
0.037388
0.0819433
0.171603
0.00648693
0.177963
0.0531406
0.0634104
0.0264229
0.0229178
0.0104046
0.00107337
0.364965
0.00286593
0.164699
0.0307525
0.000198681
0.443132
0.0209133
0.058574
0.0612181
0.0610307
0.0127805
0.162046
0.138583
0.0230624
0.688604
0.0102161
0.00373252
0.816303
0.00576725
0.0131137
0.00199796
0.00134716
0.332103
0.0722816
0.899304
0.00199525
0.0664261
0.0259885
0.00272578
0.0721314
0.0141688
0.166948
0.184895
0.0159376
0.0711316
0.000954889
0.0853887
0.00109916
0.000645298
0.502113
0.0152281
0.40613
0.6732
0.0613994
0.0395387
0.010406
0.188297
0.00644328
0.0978359
0.105574
0.435738
0.176378
0.108684
0.0442832
0.00854561
0.00102636
0.0179632
0.00100614
0.000932391
0.00268984
0.00167445
0.00382342
0.0122988
0.100373
0.00113449
0.0138665
0.0959598
0.000522911
0.0410146
0.0738138
0.00101146
0.00263485
0.990954
0.0180191
0.00271108
0.0352413
0.128107
0.614729
0.00217674
0.0443823
0.858014
0.819886
0.0438574
0.0360879
0.999075
0.0476378
0.00537938
0.117315
0.0577897
0.000638483
0.727177
0.239922
0.0630772
0.101123
0.011575
0.104687
0.0534871
0.0113542
0.219135
0.069679
0.169753
0.00622151
0.819971
0.716035
0.0594991
0.00447137
0.00808619
0.593282
0.000144393
0.0280485
0.00760811
0.0239054
0.000269365
0.0355858
0.262745
0.0334441
0.00874403
0.00654723
0.00468822
0.00738991
0.0497443
0.0772594
0.0706321
0.0284489
0.0988774
0.0259891
0.0592377
0.0100752
0.0668307
0.0499442
0.0101198
0.00858104
0.518437
0.0140549
0.00441971
0.755258
0.449816
0.439371
0.020011
0.0966591
0.671319
0.0971967
0.0807724
0.634673
0.0525662
0.133766
0.0869084
0.000872792
0.00704669
0.133532
0.0101677
0.172706
0.0250017
0.00762441
0.00834517
0.0486264
0.746732
0.645665
0.0180814
0.564197
0.190744
0.0591476
0.109663
0.934694
0.0125691
0.923509
0.163448
0.292643
0.00595049
0.081625
0.00440871
0.00395481
0.765151
0.556255
0.0579919
0.159319
0.114618
0.0265782
0.0139441
0.00190113
0.0727967
0.000259789
0.0715428
0.171945
0.0742407
0.00351873
0.00221804
0.0442164
0.659299
0.191554
0.12783
0.106464
0.011563
0.929447
0.000206421
0.00145973
0.0780844
0.00383398
0.504224
0.00106009
0.000514572
0.0255949
0.000833129
0.00336282
0.00765837
0.00278231
0.190027
0.0910053
0.00517234
0.0875796
0.0645268
0.643588
0.00589086
0.0103682
0.0664693
0.000232827
0.0012932
0.0290882
0.0567745
0.00841933
0.920077
0.072272
0.059613
0.944421
0.176178
0.527362
0.0738648
0.0302451
0.0347733
0.00387688
0.0193317
0.0228923
0.00740685
0.00286824
0.00280727
0.00818483
0.00650364
0.046899
0.890952
0.0436676
0.0129388
0.0447263
0.0307766
0.0684607
0.897048
0.0238787
0.0101227
0.0895416
0.0119294
0.00703078
0.00581628
0.0771677
0.0317565
0.109812
0.0012381
0.00126335
0.000823265
0.00194352
0.183925
0.749424
0.0210447
0.000520828
0.00468343
0.0428951
0.10563
0.371174
0.171547
0.0750031
0.00624537
0.0052397
0.000189492
0.0769388
0.0465249
0.0367604
0.00316991
0.00835501
0.555739
0.219245
0.0439963
0.0802345
0.00463768
0.0587309
0.0136879
0.00577278
0.0197358
0.129334
0.885866
0.00400725
0.144872
0.0454538
0.166202
0.1091
0.00263654
0.0026752
0.00277114
0.00152921
0.00450639
0.00634021
0.0283845
0.195018
0.921737
0.00268015
0.130328
0.00698117
0.161263
0.0548435
0.546152
0.521402
0.256168
0.000782305
0.406298
0.234619
0.0479004
0.000258715
0.225487
0.0636959
0.000326823
0.0558418
0.0482992
0.0511983
0.0299418
0.319946
0.759749
0.00290985
0.215553
0.0403388
0.848143
0.0218718
0.000484579
0.0993351
0.54717
0.0815497
0.058564
0.0582988
0.027177
0.0509032
0.0504024
0.0239161
0.551189
0.0298157
0.652005
0.556984
0.0164373
0.0435441
0.00148253
0.633533
0.0590704
0.00031699
0.088474
0.655813
0.00518624
0.536942
0.00506681
0.435015
0.00152196
0.000133809
0.391819
0.110978
0.000163077
0.00489767
0.279888
0.00169316
0.0859197
0.0571124
0.207125
0.0668577
0.0358594
0.000493084
0.595704
0.68093
0.890395
0.176913
0.652608
0.792315
0.598979
0.00439785
0.18236
0.000606179
0.0431663
0.0379641
0.102881
0.0687556
0.00256847
0.594705
0.000188694
7.80356e-05
0.275657
0.869342
0.00691118
0.514988
0.00243351
0.479558
0.00235553
0.00346361
0.00538469
0.14189
0.665614
0.010613
0.0207819
0.841575
0.00130893
0.0989003
0.66776
0.00579091
0.143448
0.00262605
0.148409
0.0615349
0.000100135
0.0198472
0.0346782
0.00219419
0.058435
0.878139
0.0717755
0.0514314
0.00336197
0.35321
0.843217
0.000278982
0.018711
0.086093
0.0037658
0.16801
0.0316646
0.0286837
0.0619309
0.0037022
3.70466e-05
0.388459
0.090771
0.733911
0.0964926
0.264732
0.0704046
0.0368243
0.000516438
0.0578445
0.00183789
0.21328
0.0522603
0.00148745
0.011962
0.0115768
0.00290899
0.0450822
0.827758
0.0074147
0.00253466
0.686901
0.0256916
0.0195145
0.00193139
0.0834538
0.000983738
0.000188425
0.126033
0.24743
0.100784
0.231793
0.000114757
0.00173029
0.00609196
0.00210638
0.140713
0.00925152
0.000423834
0.0746243
0.012741
0.00692238
0.0142338
0.0795025
0.0157955
0.786398
0.578393
0.136033
0.762567
0.124262
0.00833954
0.105063
0.049504
0.955399
0.682076
0.0144404
0.0460874
0.924094
0.125219
0.626944
9.37044e-05
0.10479
0.69578
0.0384895
0.00303197
0.0518749
0.777078
0.00312132
0.784954
0.00918812
0.107052
0.0655959
9.55835e-05
0.158044
0.821328
0.0600052
0.648124
0.482082
0.0886792
0.0379916
0.945745
0.0335005
0.0801672
0.100588
0.0156566
0.0844091
0.190896
0.00202026
0.000194271
0.0172828
0.0159742
0.00514366
0.0608627
0.0141777
0.00194902
0.00791765
0.0105124
0.00246373
0.00580304
0.0426428
0.0317971
0.428635
0.00332398
0.140776
0.063246
0.0112435
0.0119848
0.0588697
0.0490009
0.359513
0.0749077
0.66353
0.111312
0.253276
0.000134775
0.0134397
2.15866e-05
0.000250902
0.891852
0.308294
0.377969
0.00154629
0.00219406
0.00178583
0.010782
0.00488459
0.0647595
0.00932765
0.749403
0.00148326
0.00951059
0.00650132
0.00892306
0.203243
0.188897
0.0523485
0.000206779
0.000239349
0.0586292
0.069619
0.00854312
0.0285789
0.00513669
0.793903
0.00424466
0.0676987
0.301012
0.0135491
0.194493
0.00369281
0.728185
0.000493356
0.0636375
0.0960674
0.0417861
0.102072
0.00589288
0.0190335
0.0100566
0.00406354
0.0574044
0.00493065
0.0101068
0.0313028
0.100148
0.000217108
0.00626002
0.0052755
0.021359
0.0519097
0.0972225
0.00414831
0.0114271
0.377586
0.453989
0.065307
0.212202
0.043932
0.106153
0.0111861
0.0857459
0.743568
0.109273
0.068547
0.151439
0.000974501
0.251903
0.0218071
0.192453
0.0018427
0.0670511
0.00255806
0.950882
0.0481211
0.0203872
0.0467193
0.0265507
0.774071
0.00363338
0.00556876
0.0253642
0.493865
0.0536372
0.0131085
0.269445
0.0143696
0.000238899
0.061436
0.00313297
0.0295412
0.696055
0.0109207
0.00377779
0.106393
0.291566
0.0826013
0.00207909
0.298522
0.0
0.0313802
0.442753
0.665088
0.530526
0.108895
0.0194124
0.0180449
0.00793638
0.00584233
0.0107449
0.00325642
0.155138
0.0467834
0.0629785
0.0521124
0.00111988
0.111665
0.0265906
0.126218
0.0835759
