0.573520159147
0.543975251196
0.825994199454
0.516056977342
0.618729790445
0.568769014535
0.656653686321
0.594584248091
0.640437633757
0.532606404731
0.562933966509
0.49304849369
0.578723146451
0.597965223309
0.572508060119
0.546457555821
0.576278936676
0.556043669832
0.704240451585
0.524425974623
0.624206713644
0.502744789487
0.521915270464
0.568892701346
0.470392620865
0.571631421523
0.542998475016
0.575139162242
0.636777958149
0.619565116761
0.561096683386
0.566160536385
0.557764547051
0.772926236704
0.614763451796
0.629548920176
0.599234322583
0.607101970912
0.564322985711
0.630594315118
0.598060533717
0.348806182981
0.589506882148
0.604284659847
0.562873560107
0.780662390101
0.643696324325
0.6601522947
0.646596810438
0.764768768586
0.603814277359
0.57213070983
0.623727929822
0.622404142443
0.628093287452
0.515719596238
0.516524658704
0.561946048608
0.49569887472
0.577228498725
0.732673321026
0.548847466315
0.787653822665
0.571789719437
0.641980884948
0.516896801033
0.562349665733
0.58409257179
0.476250175018
0.568557432942
0.616214985209
0.521243517698
0.618530087653
0.516423052437
0.567662044963
0.378072256179
0.558523723022
0.621850432672
0.551608514838
0.560953143247
0.625206643315
0.566363503775
0.593577375763
0.604324762226
0.577245749369
0.644616979672
0.563672031442
0.572827689518
0.573173092108
0.569007745314
0.468193838611
0.600599664813
0.638663300007
0.542420297004
0.592969375388
0.658651802587
0.523123446304
0.561467456302
0.622645443354
0.583539398482
0.579066643698
0.732297342234
0.512112223053
0.468001321815
0.654040780877
0.550072646026
0.547216849146
0.590613649338
0.589232037308
0.327281242815
0.560972318963
0.47008271638
0.587102756448
0.623720402776
0.503284768675
0.592143125237
0.522272642079
0.659375767435
0.551757488638
0.581012382809
0.584882367036
0.539245133223
0.572245274531
0.813826574311
0.62145941684
0.569769263917
0.581233871167
0.69111772976
0.580983107295
0.710428909076
0.632635833136
0.536945974966
0.591241680786
0.560387940137
0.379302925638
0.649673582984
0.230018485053
0.497354821413
0.585397173665
0.585856912683
0.576579584636
0.603712692695
0.563099012036
0.512530599248
0.418289539553
0.520610545128
0.599685119861
0.489721575279
0.571933198191
0.114175796237
0.704848613885
0.606257200696
0.575625845713
0.737754938793
0.614705667436
0.644136182333
0.656441126953
0.573855332526
0.571177129725
0.565093535136
0.558773967579
0.572966069871
0.633367362808
0.547528102269
0.545721347827
0.660728823375
0.558001894432
0.566364432566
0.554425797997
0.570786118119
0.583959273478
0.786460484367
0.582121170555
0.673477982321
0.611463535058
0.473013135883
0.629189990593
0.593054851111
0.58767235615
0.53233243082
0.54892317891
0.683161776379
0.576824519444
0.60844802738
0.604577266868
0.551539749017
0.522658147447
0.529981588286
0.971182904737
0.587384398528
0.759129484755
0.569338915922
0.604561133814
0.579545178066
0.596379005743
0.595705785592
0.569091320875
0.250914471097
0.573187519491
0.571691122872
0.584071102413
0.80096221386
0.489153889574
0.562112294724
0.56733967792
0.612254956978
0.592583421557
0.633092464493
0.521696751423
0.678447039402
0.523990669082
0.579471975249
0.394253909702
0.614048839663
0.543559107986
0.558582806716
0.556402919228
0.466643987904
0.482226057935
0.581957230517
0.696322488846
0.618088214861
0.665994225091
0.6280166588
0.521610904325
0.579517583793
0.613499372615
0.696032986898
0.64309983216
0.627000337301
0.580307520873
0.651783675372
0.664067242511
0.585493551952
0.529228118342
0.548860429115
0.652655303379
0.572155699146
0.570412626024
0.747012012613
0.630708885108
0.491298357823
0.642850077876
0.546255763409
0.150898172892
0.679491485153
0.620500416802
0.609399131647
0.582730117923
0.658297378872
0.483704892176
0.616551525626
0.6120754616
0.6216403339
0.591287866617
0.563539644847
0.61921764048
0.986935758637
0.687330337752
0.570474297612
0.52093766159
0.570695246513
0.433217909276
0.5846148979
0.539371343292
0.613082033371
0.554074046624
0.693625180662
0.369967914804
0.541240851983
0.570427488344
0.622135636735
0.64838490739
0.55461367944
0.576237239312
0.528351294875
0.633427623095
0.75494626586
0.52987872981
0.575293565575
0.657500024344
0.621895012401
0.552729152636
0.596114971476
0.809200746275
0.581858360701
0.658914834984
0.557072209977
0.654842300389
0.49395100795
0.565997640126
0.54633586166
0.629632671814
0.3995369352
0.598567805438
0.549520529562
0.577557866373
0.51418218376
0.609640080006
0.580669350094
0.456202217293
0.662233556315
0.628144995664
0.60132794423
0.70922672642
0.595826661979
0.573003458136
0.702367219207
0.617113434853
0.577647274536
0.676679384294
0.624702421744
0.550255563341
0.492547886633
0.76965115997
0.55642304359
0.53666264075
0.54820887213
0.654270342923
0.599019896933
0.616745206972
0.557187580314
0.561854732955
0.60376046987
0.593220447515
0.764746885188
0.556231337357
0.53790725843
0.561024617333
0.571740476474
0.469547761231
0.64843978684
0.530051691154
0.586767198817
0.573793300648
0.56326150649
0.535939498549
0.520617075343
0.544461739449
0.763458386036
0.552606174495
0.542464875834
0.566359931859
0.547172421105
0.541819748349
0.644971665609
0.571358361841
0.356387239408
0.585986996666
0.665303372839
0.52918720045
0.544535217172
0.642135404926
0.575078069411
0.612774754488
0.587526526035
0.583731880505
0.564505033702
0.616503686799
0.452254762665
0.625682560212
0.450727587139
0.602698618704
0.547353131184
0.569823330653
0.598754636589
0.578150193874
0.577552757124
0.571689047612
0.559240746773
0.603315982489
0.477714390775
0.554609669122
0.620233120289
0.578457763359
0.59173980292
0.537658766541
0.555354542014
0.517106504033
0.587168276312
0.666087117494
0.608609892517
0.558359473339
0.613092479733
0.551423042767
0.543342189127
0.719199742715
0.692261206906
0.606882543662
0.612606811074
0.650878569217
0.580638287726
0.538753998549
0.186210364622
0.565286376526
0.568903355233
0.627189764859
0.65790963499
0.545736412376
0.523734240718
0.65931401077
0.589918951192
0.453500927069
0.511773112781
0.573343014374
0.583113608252
0.579895198433
0.602722033832
0.834978624982
0.62628578165
0.538700292272
0.528691533487
0.694185494623
0.732781529035
0.558006644071
0.627973128271
0.496782856325
0.75121821103
0.721521701992
0.580420765173
0.577345860048
0.574860135814
0.582816159499
0.532036326424
0.547734427744
0.548581278945
0.5770796807
0.648475578379
0.574329463005
0.81495301324
0.623639495878
0.638013642556
0.434409727596
0.579537173511
0.660202978544
0.606695068547
0.601409930651
0.528788106508
0.544030101181
0.387265567524
0.622862494754
0.579975043632
0.682534830707
0.620426441438
0.561177944415
0.584872241852
0.598169663151
0.557231958121
0.586994171668
0.579933374611
0.640599259954
0.527897065314
0.600460060608
0.56130186344
0.602649752658
0.607980912784
0.54436610458
0.553343703639
0.592378263766
0.207577989127
0.679591476952
0.546750666114
0.581554093792
0.350783836065
0.589754461189
0.600832603366
0.645617320613
0.622985063435
0.580223951403
0.5450739581
0.483804060731
0.533693016647
0.679125368646
0.509782811566
0.723126682465
0.600342388029
0.527728255715
0.62231863182
0.618902549682
0.569380860402
0.957673061773
0.542356728905
0.802763751952
0.540526777006
0.655299934038
0.554569209849
0.606062368594
0.590448396817
0.553961368933
0.423150946245
0.599503401107
0.389032209
0.490454007883
0.582680034892
0.889677837946
0.536200030791
0.612964634574
0.555623227637
0.645910310218
0.523560429079
0.693386707278
0.567432702428
0.581576258632
0.556999685301
0.422650720795
0.637389838741
0.652240872205
0.571430930477
0.623965510082
0.572366208665
0.685175483445
0.509877779522
0.619960659925
0.577672326525
0.594848715445
0.569269670144
0.561491043778
0.591088280023
0.511625270868
0.514880641273
0.639787987358
0.567159797094
0.578826041955
0.669585006992
0.556477183797
0.59298169211
0.616716502838
0.655239571073
0.504631418864
0.581537716643
0.48330951664
0.546891053596
0.588571120766
0.58617897842
0.532203229237
0.554059736206
0.477464233838
0.560638772226
0.477434440734
0.560915169916
0.528445413211
0.639564487558
0.587696894969
0.597812262615
0.583999008746
0.590225467209
0.77322321694
0.527990812618
0.589120349696
0.643576250858
0.792239220873
0.581094926331
0.558834336967
0.606365178697
0.619721408348
0.678378702296
0.572974040187
0.58173616332
0.54713854774
0.542455887706
0.582836174086
0.876922916075
0.61521399075
0.680883361455
0.584795626669
0.902180101897
0.524016658316
0.600967502903
0.541648925449
0.573821812254
0.562106949393
0.701640775676
0.520409303994
0.554388198487
0.566937980605
0.573074970833
0.370792317692
0.537549792763
0.583756739222
0.63215121807
0.608260678339
0.625716972367
0.511137421939
0.47577644072
0.565411619597
0.587235681507
0.542796938961
0.58210325303
0.513293853958
0.657600270287
0.569702551755
0.597267735449
0.576191915804
0.572679280744
0.500666038524
0.554533542463
0.563597486353
0.543343683678
0.60327135459
0.559071798083
0.649313459279
0.614970464689
0.538749933161
0.606453721227
0.521748888922
0.574867659425
0.583261171909
0.580187855113
0.693179580605
0.598477869102
0.570164133232
0.468025734998
0.595022850792
0.621027354063
0.6865378467
0.521010129078
0.610911139362
0.531678189235
0.725258869934
0.608243274366
0.550843475678
0.649874036941
0.5633864395
0.56688264128
0.603392264346
0.55050112292
0.630428404024
0.609943604333
0.709148787681
0.592889506545
0.769154510465
0.653870975266
0.564749543215
0.690719482392
0.650190907625
0.518270130719
0.596414764921
0.554935388272
0.578752509176
0.569380802694
0.393132992471
0.537654653372
0.679106714777
0.525586134496
0.571093376409
0.554448300312
0.706235522187
0.552317673692
0.583170891705
0.558050103011
0.589365564621
0.541728656483
0.553301357291
0.595640530392
0.789795114968
0.606138118829
0.574555116485
0.605777781429
0.566590763752
0.552986611582
0.604596691606
0.672515997171
0.572557839976
0.548353274932
0.618923013242
0.641041686511
0.5466030681
0.557002504962
0.606240105352
0.61414437953
0.559451806222
0.419025136439
0.580972734462
0.648588899961
0.533669268174
0.576596512969
0.573578982258
0.517584337605
0.679333827083
0.650791834939
0.483311087158
0.61105234424
0.587555207205
0.570056389933
0.654355988733
0.557202566645
0.714358256662
0.539629609189
0.752558464993
0.494238402014
0.583028862409
0.65727461063
0.595466262308
0.455099962264
0.561716524312
0.588308297281
0.599294894168
0.515002849052
0.49727567484
0.550845307569
0.683188654338
0.657652951926
0.5532371754
0.622207206837
0.585851649698
0.578360688962
0.573886714591
0.590106362749
0.575057874861
0.505528611595
0.575096449842
0.730676872496
0.50445957419
0.536980103606
0.600940277598
0.645588212794
0.586977963372
0.552495561304
0.599855569811
0.48898883133
0.819142387821
0.582024300554
0.593871685515
0.479555696051
0.628511494495
0.712850714594
0.833083742697
0.367600688107
0.596287905254
0.646781440444
0.557718394756
0.556087406646
0.489269686657
0.632535541805
0.607466043758
0.570245021437
0.609436109402
0.592047031836
0.63827618934
0.61803930933
0.571468934747
0.543212689716
0.580423079204
0.557447445363
0.566835609834
0.588020185987
0.550047495933
0.69846159464
0.585633668017
0.576084812435
0.418291440926
0.614569908527
0.613458484725
0.564500491807
0.610534920719
0.699939036644
0.610575705361
0.626312986713
0.663058714935
0.593196465989
0.561715165609
0.598092140003
0.573435590418
0.632374011815
0.61614864756
0.590060042233
0.636801880428
0.598533656504
0.881230922239
0.450749081388
0.607079844923
0.318008619821
0.712650429275
0.534384294659
0.61088888623
0.761919376905
0.532817657722
0.56525384507
0.678296376085
0.563279575577
0.635128635929
0.523389524052
0.593700181303
0.564009327152
0.597578304787
0.702022723626
0.586711518286
0.543197580308
0.58490660724
0.54698386185
0.636188317142
0.560557816728
0.530435040835
0.542976346716
0.737050782924
0.576388634757
0.556152377809
0.551498175957
0.551580855677
0.58383694535
0.452475384407
0.624108793908
0.685362391751
0.540856267715
0.781834250375
0.574725891904
0.504860652669
0.637635097022
0.586536084339
0.334101897267
0.639499193679
0.612781718503
0.584080586863
0.560408042024
0.545394882043
0.729117212631
0.550929350193
0.586226121317
0.489355902424
0.584493920862
0.580648329704
0.542643443873
0.576416116148
0.55443172946
0.585581304871
0.579848060663
0.569820058762
0.595778044565
0.604878616759
0.594506800355
0.644277094622
0.593643673824
0.597757151302
0.618407557021
0.344852362705
0.576929700132
0.560556149856
0.583586116106
0.363638092925
0.577106874623
0.0
0.300723909618
0.631751060184
0.548533309157
0.27079128923
0.591804376995
0.610956884779
0.56287788246
0.532733836411
0.582729244563
0.597532146451
0.924296546631
0.615228206893
0.545695789511
0.588452234583
0.584189789293
0.577094882482
0.618839296436
0.580977853171
0.565015024398
0.549510323482
0.398154040537
0.553202521939
0.583107847869
0.562705025615
0.507049460149
0.502882498403
0.544696446643
0.584459186551
0.685895948168
0.563079621124
0.509356792813
0.574245920573
0.557371624598
0.564821606504
0.716178583594
0.585658066086
0.577589757053
0.60094044551
0.581908116428
0.530591174058
0.644205327138
0.549828898931
0.647474198583
0.557056812837
0.615513520918
0.589268310436
0.660883125992
0.475672526542
0.741006866464
0.578641726215
0.552369922627
0.548276711774
0.18103473315
0.626669517196
0.568164080392
0.507395412491
0.527082756303
0.587855952049
0.542799058758
0.566489679841
0.609618889179
0.571380731499
0.640190592758
0.500922171984
0.528770686507
0.563051526014
0.605525224503
0.632304813997
0.591149753419
0.54938330482
0.552305938167
0.487224837857
0.607667640145
0.542324160478
0.618043773585
0.682035490371
0.552387019436
0.56789419176
0.570547815196
0.644434149282
0.510075253113
0.631256301108
0.571386688136
0.59567804026
0.518041413659
0.472484167309
0.578157900312
0.717694029319
0.553297198601
0.550656688713
0.500785580076
0.709955895619
0.684637046403
0.593818163318
0.592608455133
0.571101301553
0.569155074937
0.595779570178
0.557942451111
0.647232287437
0.477791326838
0.586960751214
0.580899462343
0.555286060114
0.586843488074
0.557290546253
0.664606079323
0.625292364927
0.60280072022
0.869252383549
0.541184281119
0.497666943127
0.604494400193
0.566542556817
0.531072701671
0.542543389868
0.511132665783
0.555268202934
0.603857448366
0.577205494799
0.56138561184
0.516481624487
0.56303755611
0.438511338313
0.617289055143
0.540611170037
0.584683602294
0.530737072973
0.618117719506
0.54292713005
0.56506772803
0.543281820194
0.615515886912
0.521291109497
0.536088281396
0.731867656134
0.561005239292
0.677356265498
0.580100614276
0.51905744319
0.581400253081
0.58203201289
0.46972345582
0.542386629033
0.556678626472
0.633137321388
0.507837855427
0.56873733677
0.57755512264
0.549356694202
0.563542448733
0.602326400261
0.470198593571
0.536326308853
0.547175753179
0.58840294929
0.547485601388
0.531832224588
0.556353146295
0.597906555569
0.52576808281
0.691145691378
0.54679964719
0.55576935622
0.565375513698
0.628595535553
0.614681476996
0.587996876377
0.551902701125
0.552172634445
0.523020266076
0.638272123035
0.59850253454
0.606089386677
0.639530273104
0.692932472427
0.712016893063
0.586028074858
0.600895461539
0.572967629909
0.592830231309
0.562084064122
0.588823347519
0.642964072778
0.57778287314
0.486365669969
0.533163943585
0.588722418461
0.548224327132
0.6771957481
0.587137648478
0.80608702683
0.590769099217
0.555580884275
0.60180240451
0.619412682224
0.623872580023
0.566806485812
0.543398752726
0.607867307504
0.624764776739
0.588195821234
0.592924912568
0.577681048179
0.743700253011
0.59412343565
0.552781278294
0.647278016899
0.621290613532
0.598186294732
0.555868159856
0.524195991867
0.565310429894
0.531940755008
0.529760830462
0.57865440762
0.620630766247
0.339201116073
0.609498861185
0.525969394598
0.486260213275
0.674733674314
0.566809726324
0.595003667374
0.584001930359
0.513272996468
0.573194511233
0.609851350665
0.55314887377
0.623755842721
0.574986346651
0.557326682333
0.671966567423
0.551487395207
0.583329017523
0.756107856811
0.569214034198
0.466949548331
0.577732579938
0.607510249785
0.387274682831
0.483564324465
0.579709267803
0.571216587496
0.535813039816
0.592063604559
0.964123856327
0.427609971957
0.581801113093
0.572780794891
0.59277307123
0.551309555845
0.592777881618
0.617417892997
0.526594125893
0.264028634781
0.598172085713
0.573238717157
0.622312327831
0.566823826576
0.413346194832
0.645046756109
0.575342412332
0.649421343685
0.592276335889
0.536105522696
0.581621541063
0.61352585362
0.563523884088
0.565442167665
0.65831030092
0.53546110729
0.597160425433
0.551524642347
0.642972401596
0.59275660894
0.592406227234
0.526061078107
0.567311354549
0.630787309979
0.469856210175
0.615248829783
0.575214984794
0.646215360462
0.637967796426
0.546456129116
0.600888257976
0.563253189239
0.564643161685
0.563865338048
0.60358059312
0.522399814927
0.731418642697
0.591869972638
0.534651817584
0.65362165213
0.629933419059
0.595436610024
0.562175843095
0.553023577831
0.443852987194
0.561561725681
0.641081838853
0.583005802824
0.473361791849
0.562765965776
0.576528728307
0.466582846339
0.616060462072
0.636282987707
0.583172293538
0.45586911899
0.574898297136
0.572779102389
0.607666742524
0.682011852513
0.505215822705
0.568359180701
0.604103213297
0.550528352665
0.539430097107
0.496619293872
0.564537094351
0.759020315827
0.75983888765
0.609843762132
0.607552781639
0.619813668575
0.534827088222
0.55991977314
0.545575383427
0.549549133467
0.554104599892
0.565590356728
0.663210796992
0.660452404034
0.515757427571
0.489636094246
0.635828875472
0.62535846399
0.647612806557
0.624249530788
0.606268069214
0.594373153685
0.531599724035
0.617178508337
0.569303035767
0.578542875022
0.555863588987
0.607491157844
0.558427873705
0.448633983645
0.57860528542
0.5399807123
0.672178451325
0.707537115309
0.56859052891
0.526661595751
0.560368155227
0.587737359275
0.646336695374
0.504816071305
0.558595347209
0.421476461684
0.579478133804
0.549069503463
0.734447085677
0.577390559025
0.570561917934
0.496666547608
0.547147667492
0.672973273056
0.558535047258
0.488798280699
0.663236770907
0.573701404839
0.628061224728
0.281372262595
0.329230470838
0.584167251406
0.62874305206
0.543253058957
0.562228250608
0.520580637447
0.597747012848
0.563855673948
0.975681991873
0.548431605553
0.474040508171
0.564687692932
0.593385300018
0.463101933319
0.603687397507
0.53334402996
0.582358775844
0.526388311137
0.578016970487
0.628625168923
0.517197611635
0.561147797131
0.494757455481
0.635791535568
0.474444999748
0.578067187532
0.500095062351
0.584170420101
0.648625873073
0.599216644523
0.539337796175
0.583917947868
0.585743915859
0.582848508952
0.539096619104
0.4615985378
0.505820953792
0.542362238988
0.571942895978
0.599479193583
0.498867167614
0.536483463657
0.574607144278
0.340360609351
0.576222400338
0.544179146233
0.552426541773
0.586584180833
0.572534778811
0.122121527859
0.561019401204
0.651603793364
0.573253617821
0.613578893831
0.559594211015
0.566800872037
0.560439449874
0.595109228996
0.574369086791
0.506413850607
0.566179279419
0.612472622047
0.522545618395
0.582738720593
0.468435584209
0.499122237377
0.67907087417
0.576973401882
0.574583120207
0.608280385141
0.706564174569
0.60443366472
0.643922980741
0.798345534029
0.538622599699
0.62644964734
0.600586299533
0.511043285289
0.560543500325
0.517451756961
0.561333363039
0.700493593107
0.578532630815
0.631517852371
0.65852734508
0.601886219988
0.504662126798
0.611223672781
0.514443968347
0.582957345449
0.610905278164
0.54955410103
0.612502278216
0.61475242456
0.588667249806
0.548540661791
0.636914760397
0.564842852617
0.862922948561
0.542617368992
0.580156066558
0.586530058514
0.62940764916
0.618898937633
0.606322230975
0.638895252221
0.538175361071
0.566216889145
0.563995340464
0.523080088252
0.56009052467
0.593811650947
0.526533610021
0.537899628088
0.582133275256
0.557203321894
0.481205116176
0.615101508706
0.54834357772
0.537244096498
0.58620757584
0.661397371977
0.568931001322
0.553516740565
0.534899754276
0.642711298569
0.618803221508
0.630171665809
0.596279610287
0.617991686043
0.58477729451
0.688568841215
0.556679194416
0.551438933702
0.557801727724
0.588629703693
0.644684830764
0.534516113627
0.641599920386
0.569455485217
0.693455094421
0.627478184801
0.634520639173
0.465915597498
0.563005984364
0.585531023197
0.551784217808
0.466791691924
0.527729462022
0.598725931988
0.634083381657
0.672810208621
0.573470121797
0.560302269473
0.654597450474
0.62172848816
0.642915193868
0.574975099303
0.590961615513
0.605408031747
0.49501725677
0.596502604139
0.565333901983
0.663300737359
0.546976180972
0.642950593242
0.534747651412
0.572043760397
0.577257386322
0.678189896595
0.591151665676
0.696506168596
0.656251650084
0.688300637355
0.56001966022
0.612374979593
0.567217642123
0.623758523487
0.645071891676
0.544724634737
0.578067736785
0.650330004446
0.603799281337
0.626490715012
0.570467602612
0.556845453849
0.632765846845
0.5936623052
0.557797696981
0.573721309678
0.541075852732
0.579763928411
0.635495186854
0.541191339627
0.576667871599
0.608411803746
0.521103319518
0.606954290152
0.630044357136
0.491649233654
0.601103737586
0.522835135054
0.568810629012
0.594985358847
0.583835120219
0.51292920431
0.591647964233
0.552338655639
0.543236329529
0.569860439851
0.525855839504
0.54412147527
0.572541846044
0.592000516383
0.538721788491
0.553443722403
0.564096534149
0.586153658118
0.602658865161
0.661466332815
0.633870445845
0.38394339666
0.534595670941
0.543560278433
0.69061288929
0.752095660442
0.563722793046
0.571885577465
0.567671890382
0.465824701747
0.582254929932
0.639851964229
0.597451249207
0.518456567375
0.608373591014
0.551424633753
0.681635315783
0.550114078383
0.551325032229
0.445451325004
0.533326275544
0.55008331365
0.622151892201
0.537891735574
0.487791464328
0.616952727507
0.509435648936
0.621820056337
0.550633480351
0.688635067484
0.599635853419
0.802710175027
0.369391461257
0.580290520812
0.524228337522
0.565335446743
0.570884354302
0.587051160456
0.538907658762
0.554634599944
0.488620191822
0.70215476285
0.507987552342
0.596513212041
0.619240630924
0.6958200403
0.635213351481
0.58524844492
0.437246254496
0.609682316242
0.55373219518
0.566485378839
0.609290624207
0.562171550899
0.493631309463
0.565140688278
0.588388676321
0.533025184531
0.589911089294
0.514115494805
0.48362971125
0.574356285218
0.563205054871
0.602179990647
0.561235801218
0.553671866347
0.601173407324
0.580696739384
0.61363827277
0.551858271048
0.475899952539
0.558404649124
0.505047228776
0.593430471449
0.593399627323
0.60114553135
0.577828042906
0.494068166554
0.57034261015
0.583864085098
0.59429111752
0.527066256038
0.51506824548
0.537372495988
0.571352996912
0.751332075194
0.544083640921
0.472775328988
0.708075025195
0.529767859489
0.685999394638
0.61463040818
0.652755398808
0.568205912009
0.661955202792
0.652809799852
0.590938731529
0.588280924892
0.561160414219
0.581902806303
0.582388221905
0.484234506403
0.562378222286
0.583429559032
0.696471768921
0.543014751233
0.572451838449
0.562635430827
0.50865504124
0.708652377219
0.628132019261
0.567673224074
0.605593204387
0.580470205916
0.550226076708
0.598689196717
0.587730187376
0.602646326071
0.626621027598
0.545395493303
0.706278039386
0.562685756972
0.582389250744
0.563617828773
0.643950225731
0.591966835877
0.64007955571
0.582594750294
0.687833285496
0.628809962198
0.59560109353
0.582792219245
0.555176543802
0.647641539462
0.681136376657
0.5015023484
0.492619187573
0.538054308843
0.540092448696
0.258636599749
0.540132234973
0.507428258657
0.393638506348
0.740806751404
0.550920191525
0.596636948245
0.579166244453
0.697287328462
0.569908182384
0.498170475928
0.572920852315
0.506160962327
0.570254962014
0.596657529701
0.682870592558
0.619853839348
0.551316589221
0.589089034335
0.547837592048
0.565435745064
0.579010698968
0.563204869734
0.545977270858
0.561693360331
0.631188425047
0.591003052675
0.597882323183
0.464715491299
0.454100820681
0.639112476724
0.572601683525
0.648702944786
0.568600262721
0.568731753272
0.673817871979
0.570976882195
0.557844448418
0.62690416681
0.581775258894
0.586978268649
0.457307397727
0.611235132567
0.598902495768
0.537187976773
0.530535250327
0.518838125411
0.702161347601
0.643445136974
0.683243242518
0.658340659738
0.533674503537
0.55242447509
0.587056484818
0.598553890651
0.545406696132
0.683835277572
0.602959026678
0.578674471687
0.583617500076
0.566758109351
0.677422185035
0.587336809791
0.607873864684
0.588753336245
0.55795386301
0.694001508933
0.487145236915
0.667430882088
0.568992208565
0.604595379162
0.575169717318
0.424811994415
0.569030680558
0.560302221295
0.52735624138
0.612220271915
0.569395354391
0.508174785936
0.582425531726
0.590735436601
0.744896533185
0.557558911431
0.656110425892
0.61139509442
0.536382293095
1.0
0.544113597049
0.576259931543
0.574947158787
0.621565204529
0.628731461786
0.47193812955
0.541547276553
0.596402049523
0.518971550041
0.846776743574
0.561397359727
0.566292304953
0.535145758724
0.565339276457
0.653090076889
0.607641419042
0.592804294471
0.532341995338
0.622160894677
0.534265565094
0.598545597257
0.466278487459
0.70107894213
0.583141837604
0.636009683684
0.513755967038
0.589724017888
0.632357280944
0.535065453342
0.573163604895
0.493009875625
0.600234982941
0.551441683108
0.578938771718
0.156056274084
0.590887336542
0.627891534145
0.537221441776
0.522309405762
0.643495646013
0.591373727508
0.563576778921
0.713149120895
0.551672064331
0.281895447838
0.536048221373
0.572159002427
0.589603642134
0.550941111493
0.524842443848
0.579584711107
0.558580974931
0.587812621226
0.683361136652
0.575113350235
0.638636849292
0.650569676943
0.641857206963
0.600416506417
0.566055042694
0.674923711688
0.523799449114
0.537630529437
0.523072472179
0.52403966175
0.588732547783
0.570186223427
0.642029014405
0.582277560895
0.639443036911
0.705764271681
0.689645782029
0.54184689461
0.614824660802
0.519648572123
0.556415913249
0.72142028313
0.577132320845
0.486555033019
0.695115636484
0.580933079973
0.545237510753
0.559803140732
0.558250834666
0.575169482111
0.58198152572
0.567975592081
0.622743482383
0.593787483141
0.620496887267
0.559338637513
0.551659428472
0.569410456325
0.531632817713
0.583944632666
0.634187239175
0.667897183007
0.669686248104
0.572485569656
0.581806876938
0.619443781635
0.80022928488
0.60421180192
0.623299461103
0.570869097436
0.613539826382
0.690267002752
0.577081040238
0.713734431243
0.667538107028
0.60978066861
0.608963540314
0.545037851445
0.57335891796
0.722132779253
0.62008078227
0.595293401859
0.544959991659
0.57855502445
0.643044164181
0.53723641847
0.528044059215
0.879581897944
0.547430283955
0.583077991351
0.577596930137
0.56106195124
0.597709823562
0.634820603112
0.56820411986
0.562223578931
0.544218204684
0.565604038358
0.650034269797
0.526857726624
0.579788194812
0.570133003381
0.87941603361
0.567827350126
0.578250544477
0.564359647384
0.645465431805
0.556273735254
0.556863612545
0.672502323333
0.652249420542
0.581761110132
0.592879051154
0.571272823147
0.597484687716
0.648151673335
0.553212516673
0.584724946305
0.593802159055
0.661851924849
0.31945322008
0.585430264517
0.419686295161
0.666897940435
0.775428248875
0.566145926908
0.618909788874
0.545310085599
0.572788935139
0.638477653335
0.54381655043
0.603478861292
0.736303939684
0.499070652622
0.559167985613
0.559855269922
0.546369539429
0.64161117288
0.516274246637
0.621110190044
0.583661667217
0.599674831801
0.577479131147
0.558224678983
0.606013860678
0.568918053988
0.538078376664
0.535677511452
0.428648600881
0.565041699262
0.621321837679
0.650422687415
0.649784507724
0.635751149174
0.56865404567
0.556598909815
0.561526363072
0.578877589217
0.447599710676
0.567324748228
0.597167426456
0.542646587073
0.595822036746
0.577990277505
0.514317014562
0.607025040983
0.581112367466
0.699279412384
0.74263086294
0.601340497747
0.600495652437
0.556840684624
0.544328996184
0.523547201714
0.818746262722
0.740404650991
0.544175016006
0.766610984384
0.534116055612
0.593989154113
0.636916826242
0.531815442862
0.587212228795
0.838546921209
0.793830102623
0.424856835884
0.683647642406
0.587860869092
0.545485620168
0.376800805168
0.566028260608
0.683406850806
0.630429518651
0.606006985379
0.566488546202
0.641269688995
0.581357474149
0.59851588511
0.627556738277
0.538650100431
0.686805232679
0.560118959611
0.583773320323
0.597604531507
0.576439235632
0.513574537937
0.590319378292
0.374897503137
0.567042482091
0.588659116555
0.529075356617
0.609448892701
0.69079479526
0.548899966324
0.396543271467
0.504862954818
0.619258902907
0.55708827923
0.53317792131
0.630021788822
0.622048701722
0.623496042789
0.580433600397
0.557858656688
0.564768500047
0.868339976378
0.553431818144
0.570410603163
0.589578741778
0.498096725551
0.57883590438
0.578765079765
0.534765050045
0.569082952546
0.569115454504
0.570196982178
0.587068868299
0.633616258987
0.538457556974
0.361724331528
0.579506489393
0.60920034829
0.558021792499
0.523871158182
0.573141042376
0.648840448457
0.557183552556
0.56664115753
0.393531222252
0.650483648844
0.561994958659
0.657268500903
0.555600397008
0.56060974895
0.571515522019
0.559415811597
0.719560490939
0.583088044023
0.547847679323
0.543460711172
0.734417558089
0.626640135356
0.703297008443
0.44426155121
0.412289791919
0.729116300355
0.659604633322
0.583734628351
0.615142289212
0.649701145771
0.592482644149
0.666418431486
0.625790763296
0.593364029425
0.615831787872
0.557731404433
0.511622307124
0.541897253306
0.817798420909
0.809747517015
0.570259159626
0.579454172794
0.610212676991
0.554603141551
0.591582483345
0.600862248376
0.623295984179
0.532027776474
0.555760608401
0.565105297002
0.527119336091
0.569617149291
0.583594284573
0.607533106342
0.520328272779
0.659519960913
0.564644350295
0.572459536379
0.662614258388
